BJD n order chunk rv e_rv norm0 e_norm0 norm1 e_norm1 norm2 e_norm2 wave0 e_wave0 wave1 e_wave1 wave2 e_wave2 ip0 e_ip0 atm0 e_atm0 atm1 e_atm1 atm2 e_atm2 atm3 e_atm3 bkg0 e_bkg0 prms
2460696.6456115656 1 7 0 -4950.068265500391 619.370314511719 2.168385103615133 1.4012563074890692 4.3818305646666694e-05 3.0811854907627756e-05 7.258302687852793e-08 4.9178508612554834e-08 15671.265857760687 0.03363413071035566 0.04963559863507634 9.724721901179882e-06 -3.972548097319912e-07 2.0688607842392118e-08 -1.9296568228003583 0.2349305791153175 -0.016125101521702268 1.7193130620914643 nan 0 nan 0 0.2387897954798788 0.16702460344925404 -0.0828151127105389 0.17803935047209363 5.6036608586760694
2460696.6456115656 1 8 0 4642.702843150782 71.14232450203355 1.8846260935744235 0.03202559709259643 -0.0001607765406227827 3.052388518224056e-05 8.951405496439376e-08 6.802984203890625e-08 15777.292008420556 0.002861576794836513 0.04704660203811086 5.717694537189669e-06 -5.439331230882691e-07 9.086640342662853e-09 -0.01324561378723397 1654200.2745814307 0.16383734646707837 21.41718354130725 nan 0 nan 0 11.35054098882308 0.4669866319663327 -0.010072205342842026 0.0025345130050624474 36.38148771427512
2460696.6456115656 1 9 0 -3011.7411590580814 377.414360890138 2.5068733620413 3.2802975835393067 9.516012565730173e-05 0.00013657244321992336 -1.7591699321077543e-08 2.7426923111600406e-08 16004.666059263393 0.018588828483127193 0.05338544609609633 1.4074403261599865e-05 -7.063206460184672e-07 2.6213292869301104e-08 17.73630058359243 55.259363621911206 0.09144193179227111 2.2975535804603346 nan 0 nan 0 0.26308717211361426 0.38536498512877015 -0.1196741425300099 0.30618874599288065 8.218410816724479
2460696.6456115656 1 10 0 -4722.664025962403 755.2686011745487 2.9619728946391093 3.7259570916123046 1.9402300587451368e-05 4.4156496063945355e-05 -2.3288468123746557e-08 3.533393948826651e-08 16118.959294781931 0.03953010599434432 0.0506882786912449 8.91310762787187e-06 -6.705696245512292e-07 1.595523788940105e-08 1.4911001929111807 0.195407311068341 3.1157495570056892 4.3780460116807 10.878750593486744 17.552486233624162 nan 0 0.07040913596852895 0.09374470030484454 -0.14508531833449848 0.2594310809236241 7.046675119531319
2460696.6456115656 1 11 0 -1748.6979734597774 1464.3602719319122 1.664967592748818 0.8233550476324165 4.0651232209412087e-05 2.3928531078892203e-05 2.2501519789427557e-08 1.509849753821526e-08 16227.671523867883 0.07909702909026108 0.04829235909457105 1.2515201055529907e-05 -6.070670605986384e-07 2.6446378379054075e-08 3.2898295739794037 0.6697451313326649 0.3274606984933814 4.579810144611716 -0.007757495553852842 1.240980838519832 nan 0 1.3863388238249805 1.2359304807375286 0.03989005451073575 0.1920160577968619 5.293710465029263
2460696.6456115656 1 12 0 225.0259766540347 679.0071335318594 0.22637263130685717 0.03126839211850525 4.9714189139900035e-06 9.503536450754272e-07 5.303942928856673e-09 1.5812425214491208e-09 16475.16347839122 0.03702177937573252 0.05475117882212525 1.1631432788003176e-05 -5.968444329085904e-07 2.5329766955745276e-08 45.068864816387396 1121.5086183237868 27.703246246433192 12.815383229370827 2.720852081122462 1.0656629970409999 nan 0 0.000815223337571263 0.9399154711507369 1.8462393004002853 0.30164414860466604 6.577866251050823
2460696.6456115656 1 13 0 1282.6913268631588 631.9497546077862 0.17655795670822072 0.027557216544705592 1.5634564291817019e-06 4.563211741092247e-07 -1.5397425960551009e-10 8.066887508968174e-10 16592.79893221424 0.03487076545216321 0.05229064518026993 1.061268625878667e-05 -5.850628303506195e-07 2.3569406993496287e-08 52.19392859243231 1637.6720604962165 15.254217560969256 9.428581704592778 11.855804348219568 5.060042953003009 nan 0 33.210162066607005 18.012941574195516 2.8606080772160114 0.49913734712058994 4.627393101478918
2460696.6456115656 1 14 0 -1134.855740667462 561.8048118457093 0.30184435449518227 0.03234238464839373 1.2101102044680772e-06 8.490777404806467e-07 -2.3629279063615255e-09 1.944576942407946e-09 16704.453872096914 0.030355592006029147 0.04959634492410009 8.917480528628049e-06 -3.2533836541031374e-07 2.0846071613981172e-08 17.762379968865677 64.31012887915401 0.6563153728795564 6.088659815020177 1.53180955854721 0.4958610649644531 nan 0 -0.10450863136484051 38.41026368771561 1.6530366967931762 0.210684861455588 5.3172320224660625
2460696.6456115656 1 15 0 678.6324800340971 416.28661065515837 0.5007050342746335 0.07234945132483145 7.00370880312106e-06 1.5950298938525794e-06 -4.232640882819511e-09 2.5312205728924965e-09 16973.798353310904 0.02444489260550927 0.05640298277571557 1.4661953805860976e-05 -4.955536199134061e-07 3.0280862115969955e-08 4.26782117320559 0.9503373546609081 13.257689318479475 3.0220416660747897 0.9246056519964568 0.6421472541874452 nan 0 nan 0 0.8846117034159292 0.17568039595804794 5.487764801311316
2460696.6456115656 1 16 0 -707.1912134930063 291.05555010374195 0.696109005328254 0.10339529777354092 5.138437359163033e-06 1.7862671367514761e-06 -9.235570671223723e-09 3.467496123716021e-09 17094.849431236526 0.016435629660319733 0.05385501796370144 8.962254726517304e-06 -6.514811847972952e-07 1.853248865494878e-08 2.136903161892369 0.21438852310146464 6.4121495402183255 1.3548954476887334 1.8233376678786781 0.4634200715850286 nan 0 nan 0 0.533884267345254 0.12748163535407975 4.496423117739223

2460312.5616805987 2 7 0 -2156.410990423414 893.9681960608846 1.6085930704438347 1.1745139568275034 3.733432650165931e-05 2.9360317605072982e-05 2.296765433781727e-08 2.0152955797860574e-08 15671.411410193718 0.04691836502178485 0.04946774630289806 1.0700543035583838e-05 -5.30677388393967e-07 2.064136560386271e-08 1.5056111021508793 0.1683102545074727 1.9071500775769419 2.444641148953283 nan 0 nan 0 -0.18220089670784043 0.14306085417194403 -0.07549815257143613 0.20649360574807252 6.339445420847244
2460312.5616805987 2 8 0 9626.458765712116 101.13220901769016 1.3933820694603498 0.025809276282444043 -8.778499433446393e-05 2.406516784887391e-05 1.277316502309213e-07 5.335694154231633e-08 15777.557224461709 0.005071726982489404 0.04735838566713189 9.996640349264647e-06 -6.74789403832594e-07 1.5266226608012004e-08 -0.6669820771803835 0.06906606495670314 0.26713265140988707 24.468957399634355 nan 0 nan 0 11.175493294257299 0.6343583937059661 0.006219802934821404 0.0036278394334358513 39.51362552168142
2460312.5616805987 2 9 0 -1612.4403306551617 554.7090744415052 1.5520004767666098 3.4093853330065618 6.05237806377689e-05 0.000144173521305941 3.1826266651549422e-09 1.3533974096833361e-08 16004.547597857647 0.026387727450198385 0.05325990704655973 7.133296201221138e-06 -5.277705409861263e-07 1.4093911681237962e-08 1.0548263913881881 0.10933842603244875 0.5352388864623342 2.649392383625112 nan 0 nan 0 -0.16043375843842309 0.37040902697444383 -0.07958369655931308 0.6018062325248137 7.726992909115644
2460312.5616805987 2 10 0 -1357.2570419237584 557.0429662156569 1.4127053457683598 2.2632642136726018 3.6744389846197566e-05 6.600327445830813e-05 1.1635246288396466e-09 8.283780385286294e-09 16118.982464339599 0.027113405438462145 0.05084467407504776 6.679894091591908e-06 -5.877021591455851e-07 1.1284851914972334e-08 1.051117237180885 0.13118783344243648 5.764747257012054 9.64236714484733 14.275538710777829 27.48859248410994 nan 0 -0.17077491522862698 0.2902509343978052 -0.01385065223345489 0.5406921739017169 5.933656827975054
2460312.5616805987 2 11 0 4455.550654071015 1553.5000106113384 1.243990839094127 0.7292747118316002 3.901613792215705e-05 2.590206579300468e-05 1.5184864796182624e-08 1.2339245106458885e-08 16228.059987125329 0.08478679342913933 0.04830495055215553 1.3701884879726215e-05 -6.691201132161583e-07 2.9253778768942972e-08 2.511904902355333 0.4258492839270456 4.20707060004417 5.9468731381436895 0.0016767855020391464 1.4645288355821533 nan 0 -1.8079217305246729 1.6188026618914413 0.07284690787353096 0.24695003067356078 5.984740857527102
2460312.5616805987 2 12 0 -1192.3954362000734 697.0854544504155 0.12276442587004344 0.02313940209358513 2.5170623473039314e-06 5.734200535309461e-07 4.3096088315056714e-10 6.666810446179772e-10 16475.004085916433 0.03644505590128653 0.05479235216039192 7.887651363772053e-06 -5.697555333650927e-07 1.7237423476500224e-08 1.4948040253665418 0.14516459307584537 34.44211278894146 20.517791007666673 1.9348978360762452 1.0905181332703044 nan 0 -4.978267120832618 2.093385107368665 3.255158258902075 0.6769026493003971 5.886674900931868
2460312.5616805987 2 13 0 -409.38584184709373 651.4069999902749 0.11383411641764686 0.02421082491825955 1.6471614546974205e-06 4.073386033165173e-07 3.9290187534148697e-10 4.873382013703033e-10 16592.68838111899 0.03512971414415668 0.052323277968899184 8.412620526289527e-06 -5.734261673438142e-07 1.8952029926757547e-08 1.7539129699928018 0.1686208719927846 -39.65731710325457 18.18676070260615 4.483182779146229 2.785760346059072 nan 0 23.176420046537963 19.443767325164778 4.32056968128831 0.9903117348459637 4.36775316543283
2460312.5616805987 2 14 0 -2282.9692941279236 517.4532974772737 0.2036510955527054 0.024194199642659325 5.495816443395312e-06 8.591373270084827e-07 -3.6585053251266217e-09 1.3027739703308993e-09 16704.504893944926 0.027749288456729346 0.04965956474858285 6.830750558269823e-06 -6.396827834774204e-07 1.5222106313075288e-08 1.6958464122260184 0.143316307326249 14.333418826150096 8.132372016303494 1.1727108660705772 0.5132935597917758 nan 0 -0.008162733746971795 39.141724504401004 2.2825011181791512 0.3083768552076342 4.979202869851012
2460312.5616805987 2 15 0 -747.9128523204901 445.84682121073604 0.5063933852153054 0.07122405534933968 1.0328380316714024e-05 1.8959957848369476e-06 1.2168509690299812e-09 2.5983171618056657e-09 16973.74424191319 0.02338739257903362 0.05639216096423307 1.3360573972706304e-05 -5.119231028471767e-07 2.7561363217715854e-08 3.2701452274166734 0.42846972122667687 12.893191823922187 2.8134168079787965 1.3689392002696397 0.6612093188165982 nan 0 nan 0 0.858098099183227 0.1672440724439649 5.350533357784653
2460312.5616805987 2 16 0 -995.5958400614477 266.65230048611073 0.6187576597099642 0.08719155394449406 1.1652095135914606e-05 2.192729620863631e-06 8.920744631459757e-10 2.4967017905940933e-09 17094.847673272758 0.013692406503214667 0.05386592500985831 7.417969684336197e-06 -6.228840914126578e-07 1.5113582402989214e-08 1.5408979144385428 0.128270658354521 8.07582423190957 1.6134765263974995 0.8609408007547898 0.36469952340374556 nan 0 nan 0 0.6257672389553183 0.13383506895203315 4.244044862704007

2460318.7712704595 3 7 0 -3199.3179201417743 558.555896646586 1.79073050470335 1.3739827142172432 1.414728044347649e-05 1.2869515737010962e-05 3.317138988639779e-08 2.755130822561446e-08 15671.288008473399 0.028947915849624715 0.049552586640207404 8.915767786319154e-06 -4.764727169067174e-07 1.6711919976086482e-08 -1.4244021644272291 0.16188314422857802 4.720864661813751 4.256894507163306 nan 0 nan 0 0.3824043605644452 0.32391010341639986 0.012423964358419847 0.28448505044347083 5.365367993938352
2460318.7712704595 3 8 0 5560.407177499713 52.715328776658474 1.9317972668594972 0.03328958932837621 -0.00019257934267493177 3.300361068860409e-05 3.693945954962695e-07 7.193881876547667e-08 15777.367903099992 0.002400417077956576 0.04718856620358347 6.139720059365051e-06 -6.963385374724372e-07 8.583064541322346e-09 -0.019534943322546412 445.4295543860701 0.04631129014872748 21.617882190279165 nan 0 nan 0 5.937397402954899 0.376213537938479 -0.007666293398157146 0.0034558604156769285 36.36929596017049
2460318.7712704595 3 9 0 -1484.518586073078 259.31877804520167 2.439576516327636 2.0152491777483794 3.0020817875875394e-05 3.132208671358565e-05 -3.769157407296977e-08 3.277888667884018e-08 16004.565592839735 0.012420314745615441 0.05332222288100957 8.653677373403799e-06 -5.786911479141217e-07 1.5124863867959304e-08 1.6170176606071431 0.13552617757381055 -0.06024992285841679 2.0771699343519234 nan 0 nan 0 0.36667933890932447 0.34560980680418724 -0.07348047026062944 0.23153538216149308 6.854441608979618
2460318.7712704595 3 10 0 -2910.63873382647 366.4876800373772 2.3971181430091284 2.898753198852294 1.626119458098133e-05 3.0999664938136676e-05 2.8826188704107973e-08 3.7327108153592804e-08 16118.907509360422 0.01760265823109629 0.05080409233621597 6.101996155175495e-06 -6.118302814847879e-07 1.0180283170007933e-08 -1.0084791931298114 0.12239146622091403 5.393340732515786 6.871932301659109 9.044281419372197 15.156748749463187 nan 0 0.19611535118190276 0.2539969168207244 -0.06470022066090213 0.34664618381356305 5.545399638813985
2460318.7712704595 3 11 0 707.5115320238591 1423.929936261635 1.796502215521526 0.915884020523445 2.9408031468117337e-05 1.9429393086370498e-05 6.035608181334559e-09 1.0666543966257474e-08 16227.772825554694 0.07670866524913997 0.048291326507483585 1.2898751006517417e-05 -5.989507038559224e-07 2.7266422404763505e-08 4.060195140208913 1.1571075287739905 0.3956398262422883 4.709137551421678 0.023030053250870944 1.282424795635098 nan 0 1.1039813004172425 1.2031427163016388 0.03650627018576157 0.19622815588260922 5.413234107790908
2460318.7712704595 3 12 0 -978.8106618255958 478.1752708801553 0.2856274336346719 0.029360650022249656 1.7850564351522585e-06 7.269091988861558e-07 6.289953287491448e-09 1.62832114672807e-09 16474.999678014206 0.02496995495414623 0.05479916261768849 7.989757318318414e-06 -5.894942392049472e-07 1.755723358996029e-08 1.7415860506737544 0.1654691738127332 24.704851536750663 9.497847830439264 3.0720335876907017 0.9299377085504356 nan 0 2.0726803565426803 0.813525698598454 1.7570090678438304 0.21519052592001564 5.592440961733995
2460318.7712704595 3 13 0 458.611524605696 455.9918696649608 0.2540279441082312 0.030625573452861418 4.671237592680509e-07 5.210372122009616e-07 4.008591294603767e-09 1.1567936132925433e-09 16592.673798720494 0.02531477807857309 0.052301896260938285 9.090080542494396e-06 -5.711501099205996e-07 2.064265251380529e-08 2.430350296309228 0.27342443741616845 17.87561349006218 7.217465209133405 7.386141074030072 2.494610204589738 nan 0 31.662225167974817 12.417218229721184 2.3430780777980074 0.32300123950773285 4.321992925055018
2460318.7712704595 3 14 0 -1503.2354211643074 535.1739459150193 0.1933167310258412 0.0292440998903181 1.4406179118311738e-06 5.569740159221944e-07 -1.0150884877410106e-09 1.0960012686531541e-09 16704.46144382474 0.029228545775746254 0.04965731923615699 6.4406274673881414e-06 -4.912023802606405e-07 1.4501178311738365e-08 1.50391086883611 0.15326921318777487 11.420299154367667 10.110788411058156 4.076504523750621 1.596185500944235 nan 0 0.01716813442109716 52.08992226141723 3.2034780191055243 0.5322581812139047 4.88529869269719
2460318.7712704595 3 15 0 -128.60523031896724 322.9701608830965 0.6666765163198723 0.07185506983622196 1.1055273361693326e-06 1.4472073493631291e-06 1.2104582743230387e-09 3.0995484975101107e-09 16973.691371870857 0.017445867819553474 0.056396304419206324 1.2041666794796062e-05 -4.590355684920085e-07 2.492290033811919e-08 2.691347176496491 0.2716561514821129 15.982214468772442 2.8152505541059347 1.2295060800958164 0.5383112134184591 nan 0 nan 0 0.785902450094176 0.12041500735109893 4.902038825805918
2460318.7712704595 3 16 0 -909.4039866835943 228.95321156808455 0.9806297252514006 0.11155171785586904 1.303294241360844e-06 2.065345987214175e-06 -3.091232265305552e-09 4.278229209422237e-09 17094.788443924994 0.011815803132951809 0.05384640669450037 8.119851039805369e-06 -6.366514904445029e-07 1.6589600357107443e-08 1.686089394395785 0.15441524968820763 8.378869986257367 1.3600680040215436 0.8082905009157276 0.29545680494162624 nan 0 nan 0 0.40752375747515046 0.08323761126701913 4.494778217298195

2460320.6801158413 4 7 0 -3780.1106435295005 702.7829856976555 1.9739576831410985 1.524503271507343 3.14771780496806e-05 2.620620344222992e-05 3.8987164428890464e-08 3.194696107236512e-08 15671.38907651481 0.037206573382123374 0.04956879041650653 6.861916989356792e-06 -4.815008225625194e-07 1.4106359794247587e-08 1.2169829568449109 0.152965078520129 1.222335821439739 2.2911714164614856 nan 0 nan 0 0.17154082363832085 0.14303956673301824 0.04939968991306069 0.3148748238205026 4.718224045951787
2460320.6801158413 4 8 0 5073.060608309956 81.64932334813666 2.1483629235549957 0.07417035746803283 -9.633478150984179e-05 2.347612044413856e-05 1.9801588487372237e-07 5.165308380935178e-08 15777.537313906747 0.005566972581180048 0.047153250466023665 1.054432910859916e-05 -8.485234425257932e-07 1.7170250584267562e-08 1.4888139034467456 0.07298240329948542 1.7846138056671732 16.313679074801403 nan 0 nan 0 2.7791547770373857 0.33454240913930017 0.015775990527690006 0.012992710847014111 24.53348075301558
2460320.6801158413 4 9 0 -1042.037194687311 335.80143073214197 2.4361429493678926 5.180360083102712 5.565389204851369e-05 0.0001326263960903777 7.555254223238043e-09 2.1674628801193643e-08 16004.571622808022 0.018935813312899494 0.05333392134588281 5.920590778335127e-06 -6.069545567402961e-07 1.2297976883636825e-08 1.1579962245154958 0.09221745131032953 -0.08188475945162238 2.1898863543368097 nan 0 nan 0 0.1164967512013624 0.2608789630707931 -0.021996251591816396 0.7049932584820892 6.069517299600447
2460320.6801158413 4 10 0 -3360.7414640146612 647.6388627458629 2.4676429954046033 3.5780806573383637 5.520933578326085e-06 1.992800044524935e-05 -2.4833711171607287e-10 1.2330786361004838e-08 16119.009603059023 0.033603246643903316 0.050791162596193505 5.784534597482174e-06 -6.048459850196561e-07 1.0066699794108458e-08 -0.9908695996243378 0.14468936019459616 6.002299068678467 9.03028574501967 5.776021503672617 13.810692130325737 nan 0 0.0727473594043772 0.1113714311487811 -0.013886757149914605 0.48927261674836947 5.219537704631368
2460320.6801158413 4 11 0 2587.2593191478004 1012.7541839665579 2.136335091788824 0.9519509608784464 2.3286002545014977e-05 1.5077456258334661e-05 5.574726952043994e-09 1.066284775043361e-08 16227.98576082003 0.05486148107001316 0.04829858915505121 1.1061329947241776e-05 -6.175506687877455e-07 2.3473197133442726e-08 3.2767305496307273 0.5791806161535993 11.5179628493968 6.508952719818634 0.014617904332205056 1.120271582902131 nan 0 2.3690758638483636 1.4106509280215025 0.05088007409350936 0.17791896681097044 4.649133843485518
2460320.6801158413 4 12 0 -879.992405105269 609.9847142575292 0.2939660567724415 0.0344410010723814 2.724358744940176e-06 7.448652793379439e-07 4.778983004755815e-09 1.5167380713557566e-09 16474.996842699427 0.032728726326031854 0.054792766718756485 7.848582812121004e-06 -5.978695769744865e-07 1.7296723958026848e-08 2.0019498892407803 0.18142654569910174 -14.445062928859732 8.728516240109924 1.5373633259440853 0.5372242025972581 nan 0 0.8287732258281627 0.801275376880529 2.1203532481750087 0.2876441019012075 5.166255760916291
2460320.6801158413 4 13 0 1093.2675409725 562.6406246953998 0.2617636636946973 0.03393585903573611 1.3024982641486448e-06 4.836860924151863e-07 1.0379775175638502e-09 9.64035201016183e-10 16592.745940253048 0.03124138360097206 0.052292418221548564 8.307116810429827e-06 -5.60748343589234e-07 1.864794273157719e-08 4.281408301968417 0.9017444349340359 -10.138782863099259 6.6008896914488115 5.573486677298576 1.9553702176533474 nan 0 2.1720961012322078 10.456922706829069 2.7875096322551807 0.4048205680736089 3.7392510207373766
2460320.6801158413 4 14 0 -1855.8403516745384 840.3362486928581 0.14963083812044692 0.03371655177241656 1.0098610217006741e-06 4.0772165630275946e-07 -2.4936562452463284e-10 7.236040201004742e-10 16704.520137878888 0.04654667061334145 0.049631436934623935 6.19520060033769e-06 -4.820694840640706e-07 1.4489976508586206e-08 1.9808954333999917 0.1749102907907957 17.800053502970762 17.099578629160796 -0.9848005669934713 0.9649812134667098 nan 0 246.28560600188507 124.0313783293966 5.38549945740342 1.284358745680502 4.25637111033207
2460320.6801158413 4 15 0 -621.2118543364447 343.40097138162065 0.5725266884518664 0.06768046691832375 3.6479772696550314e-06 1.1574883804974327e-06 3.140616669382631e-09 2.363752278480737e-09 16973.72125859271 0.0188454913147994 0.0564005875994727 1.0492509122768221e-05 -5.321994206837487e-07 2.172758304745879e-08 2.554669040975493 0.22514616748769165 18.103692516839114 3.5843207815045344 1.023498028830344 0.613944447914058 nan 0 nan 0 1.1796077660511652 0.1786252171274074 4.220813970412811
2460320.6801158413 4 16 0 -1129.2136204824333 249.9685875585904 0.9125524097452783 0.11221509260800015 1.232970983473293e-06 1.6547297383669117e-06 -4.100895464688401e-09 3.4699975348048095e-09 17094.790234784792 0.01328949696754681 0.05384930667100553 7.414371572927815e-06 -6.539440918899349e-07 1.5217266577092148e-08 1.998173658242505 0.1659559303211063 9.448048578076877 1.677710574409256 0.6520802704746985 0.3307879899470772 nan 0 nan 0 0.62719687770679 0.11700527981464649 3.844216438145869

2460328.5502090706 5 7 0 -4550.651379713766 532.1564874152052 3.073276442953744 1.554424938981524 3.8077220583148035e-05 2.3117778489231933e-05 8.012603297920549e-08 4.4226096767863424e-08 15671.325564594596 0.028653243331371654 0.04961092641152354 8.143411400234959e-06 -4.045274429211778e-07 1.6907194977859164e-08 -1.5352297683496245 0.17416031669673393 1.6504720175710077 1.5959343700110384 nan 0 nan 0 0.1851765223625471 0.10113177587653796 -0.11577746005511276 0.1226697465092144 5.098426181973784
2460328.5502090706 5 8 0 3300.600344012637 63.323281206865225 2.274175501652672 0.03732873423057341 -0.00016057269921354006 3.149823701053258e-05 3.285704837810147e-07 6.92172080681782e-08 15777.38283078818 0.003631417747480685 0.047006467189140616 7.444673131207616e-06 -8.491807078510046e-07 1.1986469901441511e-08 0.7386758510674191 0.03669343033888781 -0.28617709795074653 16.798181825697473 nan 0 nan 0 3.8264259941374044 0.24608050735451995 -0.029371657968844365 0.004476237923276734 30.009180114538125
2460328.5502090706 5 9 0 -2911.217665899767 289.70741880917103 2.718671124220615 3.8058303298450187 -7.693827825560436e-06 8.822559894755448e-06 -3.794620135866135e-08 5.4102366449602694e-08 16004.583122866816 0.015689874439593562 0.05339856209155015 9.225464431931973e-06 -6.957855065302604e-07 1.7164577522540272e-08 1.6467704876676947 0.13818304827164776 -0.04680021897736816 2.13440422286223 nan 0 nan 0 0.22333695060833894 0.34420981261734646 -0.08587232213640347 0.37483433557561546 7.234639037048386
2460328.5502090706 5 10 0 -4432.717190667009 502.0630893639979 2.4189043241306285 4.112949074482246 -1.767706690683764e-05 1.832006631298231e-05 1.1039731893718502e-08 2.4161694606199775e-08 16118.982175755436 0.025570228998684903 0.05071856976274485 7.452605828243217e-06 -6.748401754229392e-07 1.288478379979413e-08 -1.0820668074188613 0.16273948139445227 6.353656902700078 11.208600766847756 13.054395171301378 27.260294119253533 nan 0 0.1479387193716331 0.26777839922555685 -0.028784917610328337 0.5484581375652186 6.570322977450312
2460328.5502090706 5 11 0 1493.7141650105864 1313.3642119577112 1.9541672104092838 0.8819776682306303 1.0668659003469867e-05 9.665286664799547e-06 1.542995295021283e-08 1.2296104169474759e-08 16227.850383238952 0.07107633688943168 0.0482899048556611 1.117139386069509e-05 -6.311918935665409e-07 2.3754127399400833e-08 3.0197497473467676 0.5004799366990549 0.013983548379157718 4.05963281428446 0.006676440828947083 1.1299433106865813 nan 0 1.294069882595077 1.0899065752973174 0.04894782464586261 0.17933484135440395 4.742345214209369
2460328.5502090706 5 12 0 -747.3022636996125 545.7957595277995 0.3736720562409963 0.03588252081431464 -1.7535407388664694e-06 9.591856004929348e-07 5.508470545872313e-09 2.051347690446522e-09 16475.079267949306 0.029382992948114032 0.0547663049680353 9.930358359431869e-06 -6.023324954553461e-07 2.1613176628329404e-08 5.059622871951589 1.5712594229830033 18.64174046734187 7.770686313254252 2.368890962231257 0.6435976186972319 nan 0 0.16451597515097707 0.6615693509952448 1.411929476405105 0.16788245155707324 5.719698280279969
2460328.5502090706 5 13 0 1074.6027884803952 560.6909676801681 0.21821613939228934 0.031866574466138185 -2.0739771086202313e-06 5.347692444231071e-07 2.871810979016342e-09 9.556969781361111e-10 16592.748749548045 0.031099815114907257 0.05229950627197722 9.388802095700248e-06 -5.948491020465736e-07 2.0967119182647074e-08 31.29370836125785 324.03957543561177 28.197620023341106 10.946401868543576 11.003646239298972 4.4106659784060955 nan 0 24.459795105522918 15.341230067595376 3.005192414848691 0.4881272298090055 4.113671479317786
2460328.5502090706 5 14 0 -3430.220100760599 549.1150937076238 0.3603709368687955 0.036261137227901474 2.059390893121866e-06 9.27483838570116e-07 -1.134345160134336e-09 1.9784202110827474e-09 16704.353234123984 0.029259092305940933 0.04961572411781228 7.449582877573573e-06 -3.399224718728401e-07 1.708050562824037e-08 2.696635160640526 0.28746415921918705 -0.01910927686767104 5.633400801263348 1.0637459032663288 0.4008584073885142 nan 0 -0.6496159137719822 33.64159074063251 1.7997763874798143 0.21262690314083849 4.862725517168376
2460328.5502090706 5 15 0 -395.70204923131746 221.84545759080294 0.7542270761883896 0.062206617297354445 -5.67994275705381e-06 1.4765261621012325e-06 1.112066405614301e-08 3.271433679434915e-09 16973.695532803195 0.012572048066629564 0.056395595735279094 9.810838428585903e-06 -4.730843649724214e-07 2.0128001005334207e-08 1.9272315985378288 0.14565244090840357 16.062091742836156 2.216359242625274 1.6101883874597631 0.4412877079359318 nan 0 nan 0 0.7470970467357508 0.08895009324062007 4.201429968535297
2460328.5502090706 5 16 0 -723.0360698028716 203.4200556322207 1.0019027185980147 0.10512922471838702 -8.441221089602691e-06 1.9392763286961708e-06 -3.6103897935991068e-09 3.9641328160165296e-09 17094.843815418495 0.011220485591973136 0.053868117267548477 7.749103169011044e-06 -6.638555906272959e-07 1.595398826830481e-08 1.8893035063385122 0.16512841849261228 8.992082611603402 1.3747975567030943 1.1973483506651024 0.3085478472910783 nan 0 nan 0 0.4572264365596494 0.08201744322636736 4.061062740837603

2460339.6560602556 6 7 0 -4452.799953275123 651.3355014091615 2.1405596427897255 2.1390289067067223 4.2819988821466505e-05 4.590767288721356e-05 6.465663994685903e-08 6.810558058880978e-08 15671.222015014659 0.03723545235740166 0.04966723567735606 1.7285611011590053e-05 -2.9119729109596325e-07 3.716831902117008e-08 5.448427350222595 3.4019126321282003 -0.033794155164439496 2.7576944372346492 nan 0 nan 0 0.4009594037465553 0.4465370355339428 -0.0874008665176846 0.27077564505227386 8.569748300143978
2460339.6560602556 6 8 0 3960.5067032279844 46.34110181552696 2.8522858639804656 0.11225069319597533 -9.575109400183381e-06 3.8521961020134774e-05 1.2703771879923348e-08 8.530968611987186e-08 15777.073473289172 0.006928253767938825 0.0469616744442166 1.4726617750262664e-05 -2.1022190880215605e-07 2.677963691023123e-08 -46.77355629288599 351.1760995349243 0.3622206588209309 16.410210936710083 nan 0 nan 0 5.8040349031019725 0.6153962940912606 -0.1036889722795186 0.010701517349510064 30.780218644183382
2460339.6560602556 6 9 0 -4406.305382026437 408.2176516566397 3.413462821939798 5.9911393004905396 0.00010368757729282487 0.000213409152682804 -8.802247405680751e-08 1.5360586902459485e-07 16004.617979630279 0.02003174387990053 0.053441287763615376 1.9257749556101065e-05 -7.88879126518135e-07 3.6157475576095344e-08 18.049191130500834 83.4501471238696 0.04431031549711298 2.2707600106743033 nan 0 nan 0 0.22055444366310134 0.42274372463758764 -0.1854008282181117 0.29521519311138966 11.339683166938304
2460339.6560602556 6 10 0 -3877.8946199235747 594.5244412467815 2.915580716562143 5.285233055102801 5.1369166104063794e-05 0.00012176213453076904 1.161803340048742e-08 3.6749772718424535e-08 16119.00127673374 0.029742638380117568 0.05065372128137488 1.6887908710931446e-05 -7.126451334741242e-07 3.142717692372506e-08 21.90963334633567 187.89442272149972 1.9583384112845086 4.7308607706552595 31.843764385973913 63.74522785863634 nan 0 0.2176630880061018 0.4285813602955958 -0.15353359575613307 0.35867361083585136 10.39205921127363
2460339.6560602556 6 11 0 3398.8897028199112 2210.6020603241222 1.9330375165522367 1.3863136706469086 5.912992315968773e-05 5.023334238893556e-05 5.852275541341458e-08 4.79317123532193e-08 16227.932384234986 0.12002249541572171 0.04826330589217464 2.187144720440381e-05 -6.244517796618428e-07 4.7461116081653905e-08 3.8492932831326923 1.7103317035549317 2.8184544032153975 6.787148019150859 -0.021925871792527488 1.763849771595973 nan 0 1.4258679376861698 1.7977196732336183 -0.02570084409510446 0.2314110215848611 9.17075007034783
2460339.6560602556 6 12 0 -646.721756455167 833.4355401523269 0.24731291550277248 0.04661326022207654 2.0804499018471304e-06 1.151823066024828e-06 8.128161792469752e-09 2.785819342552378e-09 16475.13864806575 0.046362304529754816 0.054776696288048 1.7831119727246623e-05 -6.6140185648708e-07 3.9011968229455735e-08 47.94149191777536 1957.1029330546821 23.204622274219187 16.394607776102355 2.88526725746012 1.5409418746488046 nan 0 2.7870589396046315 1.6532161747135534 1.645487518529573 0.3738467291470769 9.886049588867152
2460339.6560602556 6 13 0 105.54020558073599 923.1072344417195 0.19334984319505943 0.044157957575872944 1.8307958677958752e-06 8.019755643441858e-07 2.4802141625251466e-09 1.5137312586606746e-09 16592.657524054168 0.0511140381658175 0.052318238773176845 1.7366995034342878e-05 -5.263622650998508e-07 3.8596323382441276e-08 34.22381666887869 729.7897532575913 10.47899177938146 12.746640842291615 10.89878829994202 6.901905693624455 nan 0 54.937126811311565 31.317497756791827 2.5099814467025463 0.6503396057597253 7.5604668569113995
2460339.6560602556 6 14 0 4134.427176593416 1273.03953724096 0.13599148226916422 0.049649407639654516 -4.079001752053864e-08 6.047556485912963e-07 1.3042182501937842e-09 1.2891826588598026e-09 16704.737353818895 0.07062622940450022 0.04954360152996226 1.4696736959996239e-05 -2.111604841601044e-07 3.400479221642683e-08 40.58479062040297 1110.896949853469 47.36343294285109 43.8042028350512 2.3926695450260533 2.3396699532770504 nan 0 -202.56610616025938 208.8991716175921 3.925069453252722 1.5479117419923132 8.747610665084995
2460339.6560602556 6 15 0 -252.12699435361796 635.0668040771689 0.4786867919905295 0.10174331666399407 -4.0439303812027555e-06 2.0103527510362247e-06 -8.677652932354101e-10 3.872479276246999e-09 16973.726725251137 0.03715291384350228 0.05640874500866927 2.3458657963679567e-05 -4.6598828061691857e-07 4.8035398493180865e-08 6.914963898568262 5.7788544817581435 16.25511177692802 5.7026549053312685 1.8315251412761737 1.12820265738676 nan 0 nan 0 0.8900172701852295 0.2596251565677352 8.68411928049354
2460339.6560602556 6 16 0 -690.8332728468689 503.8175629937542 0.6830447043235786 0.16203547059161866 5.3126559600080005e-06 3.1113823167220018e-06 2.6052757317541115e-09 5.319487018126348e-09 17094.8254795008 0.02820212460287093 0.05384308788422384 1.7242913506603202e-05 -6.341633663558068e-07 3.582724245580641e-08 3.2349386498779613 0.8169261138872119 9.67739259662587 3.3709730925750967 1.3991640577300952 0.7542666884269554 nan 0 nan 0 0.5195748535386419 0.2002587782509381 8.204052469413229

2460647.8354338035 7 7 0 971.2132481815107 412.133404965695 2.9141032306141716 1.895764435113095 1.9181394005384937e-05 1.6233734302824558e-05 5.902781538806908e-08 4.204062985443239e-08 15671.463022714554 0.023377832274308456 0.049296653481674245 9.858717584778065e-06 -7.445221521616609e-07 2.021926747823915e-08 2.6536554206141276 0.29777772185815243 -0.02872652204627678 1.8565734845193598 nan 0 nan 0 0.4049704862346343 0.29324377690847103 -0.046816812503869557 0.20267564427874324 5.093259769559998
2460647.8354338035 7 8 0 -3918.8765205675254 347.39678505231524 1.8088645838061868 13.814922757195129 -5.463401376314501e-05 0.00039494755130314597 1.0984596906715714e-07 8.380078987569923e-07 15776.635964261703 0.01853145631401447 0.047361473539222244 2.8594352933571143e-05 -2.0869704569591748e-08 4.3424588391953215e-08 5.211536376728111 0.3603011390782369 -0.7237905179731414 25.08875156586222 nan 0 nan 0 0.06760588832405 0.5365185942314935 0.1361704646823114 3.7669975043945167 26.313391637427596
2460647.8354338035 7 9 0 3448.2936141833598 469.58988047092043 3.330200073376576 5.76167346517505 -1.792484232207489e-05 1.8321661605594904e-05 -6.503956027417172e-08 1.1235051570763933e-07 16004.44054180756 0.0227260008075035 0.053036004236614843 9.562567169293906e-06 -2.336709331743908e-07 1.7631227301509074e-08 1.698930399329166 0.09770171139514602 6.652969441059428 12.024665801165394 nan 0 nan 0 0.24724080604468107 0.4676967352229531 -0.05606943203541566 0.5148002294837859 7.458893170092382
2460647.8354338035 7 10 0 801.9360802838722 464.0332373459475 2.887936853456555 3.3950011785685947 -6.765759169231706e-05 6.920638615584015e-05 4.255193877031639e-08 5.486088451887345e-08 16118.806584058528 0.02363249608238498 0.05107772463329613 1.150238680781396e-05 -4.4988799051652734e-07 2.0842678825819106e-08 4.329029907589322 1.154882635713634 0.07861281188706726 3.854821508359374 0.14671332224263073 13.577740818503225 nan 0 0.4103935563940587 0.5559383491458953 -0.02420176533624437 0.3848385076370363 6.911550136933105
2460647.8354338035 7 11 0 -592.5747170111563 1003.4798811231651 2.424930555680068 0.8799725290446497 1.7153757188176152e-05 1.1225568810307932e-05 2.0915671430221483e-09 1.0505564600907076e-08 16227.682369423092 0.054585246787659886 0.0482906983441159 9.419339162019188e-06 -6.281019700945995e-07 2.0103034791157048e-08 1.9899695315486492 0.20523019634495113 -0.1397026112163775 3.6210267997609797 1.7919194646930636 1.1308091552796908 nan 0 1.0143297410842527 0.8379476520698459 0.0344011520239995 0.13892422061342682 4.22156084438828
2460647.8354338035 7 12 0 -1638.0594391018071 390.6693279685077 0.6254498602943633 0.052475261011814496 -2.0437266878973636e-06 1.5980766915821099e-06 2.666048620609138e-10 3.2956485613231636e-09 16474.75267880853 0.022403277293862295 0.054799384292584685 9.901875841188058e-06 -4.931063513187364e-07 2.187460533081167e-08 33.05729356952614 371.59066950134064 -0.03543427811780316 6.183251208559193 3.4574260222644977 0.834007212689466 nan 0 5.474468778346526 1.0386445817297778 1.1986792794091825 0.12893183468680114 5.783833964477656
2460647.8354338035 7 13 0 -2761.5614592806232 385.61796467002415 0.34050826622700464 0.034288334297003155 -3.2822238096149247e-06 6.4995419940491e-07 1.7302330765519613e-09 1.131461487688473e-09 16592.481130053173 0.02211546044529309 0.052317495116688484 7.307733604783875e-06 -5.596592223987875e-07 1.563515027370198e-08 2.76006725161044 0.2590632614188147 -3.272118004538357 5.255074679183459 6.9308159163133585 1.797935747609492 nan 0 12.262100377073782 9.407318723929874 2.4939905181936988 0.28486608676026454 3.382724438091569
2460647.8354338035 7 14 0 484.4370035580248 355.20202249347227 0.6018071127128211 0.04129865555739857 -3.095713499419364e-06 1.3493336152048092e-06 -1.7116960391830348e-09 3.0457881950089497e-09 16704.601729865586 0.01925298084488917 0.04978019036295046 7.058969990554098e-06 -9.407160121731684e-07 1.580052933463878e-08 3.699439159530265 0.5274413902413905 22.073697294268236 5.4936392371144835 1.679565386605812 0.3387464860959832 nan 0 -0.1940210159509549 23.937174475875782 1.2823877056507038 0.10951817057666237 4.355987371986636
2460647.8354338035 7 15 0 -2535.608676343042 447.6517166087698 0.726872112683757 0.0867772470586145 -7.396431643691028e-06 1.4358758754037314e-06 6.902706276262651e-09 2.753594525998253e-09 16973.55202567465 0.025353131552006865 0.05640026215238746 9.790464048841513e-06 -5.260347604047297e-07 2.0422754171008353e-08 7.036402411014352 2.59460641310246 6.1812245651760716 1.1454170684906513 2.064377169305125 0.5694170868175246 nan 0 nan 0 1.0580549338112164 0.1657772667884891 3.561628844420037
2460647.8354338035 7 16 0 -2235.379636969331 257.26628178367446 0.9673838801762361 0.13448606597158833 -1.1475046712424848e-05 1.9360654057053397e-06 -2.546465016128383e-09 3.140260163182152e-09 17094.69296997313 0.014630131125589278 0.053854396640498584 6.514027619366229e-06 -6.465911042348763e-07 1.3856310174556751e-08 2.326793588929248 0.1622792333037423 4.642184576896769 0.9140065370773047 2.688752047866081 0.5226046997108064 nan 0 nan 0 0.70863487592181 0.14356852810862092 3.278180737578444

2460666.7973373244 8 7 0 -851.3270470474826 535.6380243682618 2.3308604829763158 1.375662197342544 2.0415632955035126e-05 1.4432612133194622e-05 4.091579278651527e-08 2.662983622448273e-08 15671.407819831651 0.028048668948094914 0.04942005424546451 6.462574775076591e-06 -6.015870056845227e-07 1.2717953051262553e-08 1.27983751889859 0.08316395723560957 0.06753205609867499 1.6143264289070391 nan 0 nan 0 0.22961593444462397 0.14551155141829508 -0.010758263130323874 0.2051249753219194 4.258778688478478
2460666.7973373244 8 8 0 1247.5687309572777 509.55393023736485 1.6603515147252494 10.790138696545206 -0.00010405355291854502 0.0006558050356110424 2.7914756992223203e-07 1.8110044213434892e-06 15777.160198016813 0.027116090588284292 0.04698189621721746 7.486808471268259e-06 -5.379136976062899e-07 1.008060089657502e-08 -0.13035179713613565 0.7102515119397799 -1.1554457590475469 23.380623252569613 nan 0 nan 0 0.08849569715895064 0.6049401901464909 0.1064886752679175 3.012123163299142 27.869378764841663
2460666.7973373244 8 9 0 52.408030006458276 504.53823319529823 2.8280241317827866 4.662899754086732 8.029844441044422e-06 2.8583427323645094e-05 -2.312699876386035e-08 3.992117678025027e-08 16004.501698027734 0.02486406476033139 0.053202750202843124 4.783398711496465e-06 -4.4541655256166655e-07 9.320971253969404e-09 0.9470804324287151 0.07090101157899596 2.0560522940900956 3.784829510549628 nan 0 nan 0 -0.11354622509995975 0.1946045585491018 -0.06629345293513017 0.4735775512227683 5.3198018789822985
2460666.7973373244 8 10 0 -635.5490052024478 364.0304027337925 2.1938830323005516 2.861111655392138 -1.2640102611799294e-05 9.557503940521372e-06 2.608118801162258e-08 3.552767381652811e-08 16118.87923275181 0.018103679201073784 0.050918060475608734 5.0598479477444325e-06 -5.119681578664961e-07 8.52311163628806e-09 0.9895656496239318 0.06172964525498633 0.0845119275857974 2.5165120804989183 -0.38146688623231145 8.902941649476233 nan 0 -0.19642102627016292 0.2744769680188593 0.018027029870313613 0.4817289948402014 4.584854614342435
2460666.7973373244 8 11 0 -1912.3738321413791 1128.765963710425 2.1674704766801676 0.8360125421950924 3.0468866545283974e-05 1.571304606043724e-05 9.300274903762122e-09 9.99290905267926e-09 16227.664489717945 0.06113742461374156 0.0482908958082904 9.61556285525963e-06 -6.449948944260932e-07 2.030091383594321e-08 3.443940122141778 0.5594329775766824 5.64590938067012 4.246374434743383 0.09042999966932319 0.9674319319756128 nan 0 0.9218625865517245 0.9109476825040476 0.05089870449899523 0.1540180404565058 4.012544523096101
2460666.7973373244 8 12 0 -1216.8419662814379 435.77818714064625 0.2187483939391104 0.02730156849575899 1.0748979232366437e-06 4.490297294399155e-07 2.6672776934924266e-09 9.684453417880082e-10 16474.888898103505 0.02317320349014685 0.05478729072487348 5.9619890285604515e-06 -5.652661245320976e-07 1.304047790286728e-08 1.4583919066773432 0.09811943966031426 54.452867527987564 18.38322585317409 2.9612727634584743 1.0894658142814522 nan 0 4.957190795112947 1.4138495246644986 2.9298572483751233 0.4078923938555011 4.45864736926231
2460666.7973373244 8 13 0 -1743.0846477951047 398.81381946729493 0.2995185345661133 0.029974069613537036 -6.378058279682809e-07 4.916750896496555e-07 2.804424419904236e-09 1.029155254056017e-09 16592.54978056487 0.021835731875251178 0.052328524360147 6.847198787144953e-06 -5.617580728399467e-07 1.494280849998953e-08 1.939285733366522 0.1426611955929205 2.7847123910963836 4.603492462530427 3.4146433154385742 1.0049409382686731 nan 0 21.459748182973627 8.979481735705715 2.4010754661457727 0.27374154796461114 3.428670956060773
2460666.7973373244 8 14 0 -1008.4955450291144 483.51770249896356 0.20772180131938245 0.027405559964326937 1.2066366778162848e-06 4.316166744726669e-07 8.71711774114577e-11 8.261940491896786e-10 16704.51675895086 0.027034157147027064 0.04970411039952424 4.891949203012501e-06 -7.386143173996417e-07 1.1060978904669787e-08 1.526508720099601 0.09772742228208227 -8.763525330608221 8.39675314454934 2.206276456107287 0.8111676798446928 nan 0 0.2708194471977696 42.942055058402204 3.6967438202085154 0.5290907130932819 3.638509039294005
2460666.7973373244 8 15 0 -1557.4984169192505 656.4201525972527 0.570452133587816 0.08124202608361361 -1.4491205122422623e-06 9.776688276829274e-07 3.494202072012572e-09 2.206440947174367e-09 16973.648897041414 0.036328491859273455 0.05639575411408176 9.886735507003621e-06 -5.35497875783081e-07 2.055289129845274e-08 3.6339331910574955 0.42994081735872397 3.784064348814722 0.9470451772381617 1.521386391371982 0.6082537270567415 nan 0 nan 0 1.2045814384029625 0.21858606295969168 3.7929116756327526
2460666.7973373244 8 16 0 -2228.7629750030906 376.4574726684671 1.1422681790311253 0.1176937819760145 3.787624361826916e-06 1.8540204245541759e-06 3.746284248755858e-09 3.487722985717773e-09 17094.70832752814 0.02092457650768438 0.05386373280320802 6.341205773620001e-06 -5.873851438466597e-07 1.335698043342184e-08 2.228518520531434 0.1596021072315382 1.2322308502472212 0.2503165238927742 1.033849905366831 0.24510198168164524 nan 0 nan 0 0.42358457969701224 0.07699060880456529 3.2208936853600147

2460674.742469253 9 7 0 -785.8907088223572 14.710071171212327 2.285104430630146 0.3784302203053738 2.3759600372915064e-06 1.3396448387423107e-06 1.2583493627312893e-09 2.2761879026712015e-09 15671.425027298888 0.0008279653559132588 0.0494741194907246 5.57628410875906e-07 -5.48786780076852e-07 1.1455067728150315e-09 0.024099005705922702 1.3360018402832836 0.0226503017427562 0.46831095109731585 nan 0 nan 0 0.0029925495587401862 0.006788434896953724 0.07934272031888727 0.07247596394499248 1.0276531070036878
2460674.742469253 9 8 0 993.9783435146473 inf 2.5999989723213015 inf 4.219167179760867e-06 inf 8.528370588446898e-09 inf 15777.26675194087 inf 0.046992362287482096 inf -5.738042008399512e-07 inf -0.0008459066029074397 inf 1.4446862080477612 inf nan 0 nan 0 0.0019007320761057088 inf 0.026947469612214923 inf 1.6724632796356727
2460674.742469253 9 9 0 2999.226914818537 11.178320907726665 2.1314368873283516 1.0339936527455094 4.081942309365628e-06 4.127926720450572e-06 4.940011969576422e-10 2.3032785213040287e-09 16004.738455157834 0.0005459714316142469 0.05326388384226054 4.4439847300204855e-07 -5.2410849566568e-07 9.678202764427663e-10 0.012779843520464584 124635.05693440417 -0.052348287781312244 0.5662504495983431 nan 0 nan 0 0.0004643156159164592 0.003009845949425978 0.11566684159353847 0.22758935913929232 1.186138847720339
2460674.742469253 9 10 0 -1243.466018084873 12.193593746385064 2.802634091858727 0.7368291837548974 7.05027900328391e-06 4.225909141222863e-06 8.450233963965459e-11 2.8444274396017213e-09 16118.923481413856 0.0006227513229218143 0.05085510144572119 5.808681215113031e-07 -5.610080421509564e-07 1.1167221842630097e-09 -0.01419732376047958 29308.476556401612 -0.2148807459049932 0.54713279771376 -0.08793229053291673 1.8439847433184011 nan 0 -0.013406417819392127 0.005270643457845211 0.005675237834746565 0.09385383304223381 1.0646921134572542
2460674.742469253 9 11 0 -186.3667836563525 15.229266781881153 2.3413260177801134 0.245459852891264 8.780791642985022e-06 2.3572622363873758e-06 2.4803330420063396e-09 2.971204433249196e-09 16227.733992445692 0.0007715987753268485 0.04829653962730914 7.554777152981078e-07 -6.008545523777877e-07 1.5005314504970895e-09 0.012452716193592691 198756.06316431233 0.4848580480417324 1.0819853359745588 0.018852871572269708 0.24951098345291292 nan 0 0.040643687784321224 0.19699057851440946 0.07872039930674939 0.04478392071109212 1.2842906737385684
2460674.742469253 9 12 0 -6656.661625288536 inf 0.24083386355257116 inf 2.7792374753942516e-08 inf 1.7886099338243712e-10 inf 16474.64452817954 inf 0.05478651585803383 inf -5.424668402889235e-07 inf 0.006478429197836866 inf 1.1530070356425515 inf -0.004525644704990383 inf nan 0 0.14687572165236776 inf 3.8187021625681843 inf 1.174079405765423
2460674.742469253 9 13 0 -7426.893100567608 inf 0.30380560959262215 inf -1.904846880695673e-07 inf -3.5436754495157526e-10 inf 16592.25228366118 inf 0.052313224730288495 inf -5.790830325268687e-07 inf -0.009263850638636356 inf 0.5411967580125201 inf -0.03863197857497331 inf nan 0 4.212721475788514 inf 2.958048461993961 inf 1.0796768345906096
2460674.742469253 9 14 0 -2341.9185734126527 inf 0.6277644155375038 inf 1.8375111075173734e-06 inf -1.3626580478846843e-08 inf 16704.428169439085 inf 0.049683368854519454 inf -6.187427693380026e-07 inf 0.007702407841160275 inf -0.025927927296104818 inf -0.00016534431908558694 inf nan 0 15.788443928614964 inf 1.278157887554193 inf 1.9873425151634638
2460674.742469253 9 15 0 -4956.396311564378 inf 0.4628309613269795 inf -1.8423076199502805e-08 inf 1.7389504659756601e-09 inf 16973.464642768202 inf 0.056403394531213784 inf -5.512705547301329e-07 inf 0.009829591933994797 inf 0.08197894805174895 inf 0.05759972320216233 inf nan 0 nan 0 1.830245987338225 inf 1.1053500426538114
2460674.742469253 9 16 0 -4126.542608591485 14.136321902518837 0.941896337846284 0.038446741029314835 2.073381134239558e-06 4.814884025040008e-07 -3.0266038756829136e-09 9.7221379378733e-10 17094.60623642339 0.0008033843823088308 0.0538579965009638 6.824493037417361e-07 -5.99160091069895e-07 1.2362510631037764e-09 0.01508264939057577 40979.722632309866 -0.0014250052353607014 0.07277936559652155 -0.002902148225560952 0.07343883427202179 nan 0 nan 0 0.7382699335014923 0.043344137078070416 1.0572495178796528

2460624.8335913285 10 7 0 -3154.387104075745 158.59506793168578 3.685852594541128 0.9896151123080693 0.00018999987944989547 5.023828609552243e-05 2.545621293852167e-07 7.045438905322887e-08 15671.338583002995 0.012458370879878496 0.04948499603089065 1.000236446448111e-05 -5.705746757327198e-07 2.0785638385926364e-08 3.4694338773579565 0.2794646623662355 2.9399132511639414 1.7589635493568743 nan 0 nan 0 0.9509187363450208 0.32083730483985323 -0.11425798526131845 0.06561892614044554 5.533789684415229
2460624.8335913285 10 8 0 737.821087429326 72.38947077167107 2.1970464671356584 2.013565168320039 -0.0002203812730554364 0.000199302296618624 6.970252200918716e-07 6.42066263639828e-07 15777.153719481801 0.003967968343163623 0.04699336421908469 7.887902544104543e-06 -6.327933499711221e-07 1.0471532996526569e-08 0.02473653169858056 3.152400562129169 -8.930855454646979 23.38443318305981 nan 0 nan 0 0.6370101241477556 0.7611780193799547 0.016562520470826823 0.34311885159663097 37.374226169309466
2460624.8335913285 10 9 0 -2995.483761170358 156.30436211473997 3.944071851452698 1.0740219361030585 0.0001679596232191968 4.9567640827866624e-05 -2.0171611871597e-07 5.989129661352585e-08 16004.449180230615 0.008240558571797235 0.053261794401499106 1.5534960662069653e-05 -5.025979845700313e-07 2.5987403541392506e-08 3.4323101092869646 0.25543358020627366 0.01880091820475424 2.858759769967924 nan 0 nan 0 0.8211249588749489 0.29548790062587554 -0.11573662032673246 0.06511211667669864 9.488130036538557
2460624.8335913285 10 10 0 -1351.7796218204332 168.24899874290367 2.703943373455511 0.689798654143426 -0.00010655470452812838 2.7271064708651686e-05 8.380790652494445e-09 2.3363195401403383e-08 16118.936024904428 0.009835941572168988 0.050939683784781635 1.3065671260768922e-05 -5.878005704881894e-07 2.3879111105321176e-08 3.3033191096524694 0.2956314866418487 0.045595162516363974 5.480199574135571 -0.012498550522189539 17.240759909333974 nan 0 1.1593461680930999 0.41548435177361404 -0.012381984443354081 0.0869099671789315 8.966386765050187
2460624.8335913285 10 11 0 2356.31344835662 1078.1879094866333 2.3564374594882063 0.8787015224881928 1.0390305785055146e-05 8.762537376787381e-06 4.4189866867985714e-10 9.347346977519447e-09 16227.88693304459 0.05831447353992156 0.0482798909775463 9.37333085255171e-06 -6.034538062247921e-07 1.99314610583196e-08 3.6569911941704354 0.6300636505036229 7.731052102107622 4.614609453222091 0.033735715717312764 0.9284214588651423 nan 0 0.7922649650340446 0.8368322825194526 0.05276571141820294 0.14959649168629138 3.8562499543237587
2460624.8335913285 10 12 0 -2526.8488798860762 289.41687891699286 0.7745534084954702 0.053427915671139976 3.5650237403506406e-06 2.4412109739721184e-06 1.06794814923154e-09 5.077054498534148e-09 16474.908575155372 0.017689128279654735 0.05478535367761088 1.2147529927509057e-05 -6.524839054106991e-07 2.635702947656345e-08 36.11608184210184 516.5869546349148 7.435450212632411 5.831786577602119 4.086217453980102 0.814867026834054 nan 0 4.329125547069108 0.7527764556846495 0.6973818159639562 0.0715474418620338 7.1695058802131255
2460624.8335913285 10 13 0 -2649.0104785216777 391.70178861689635 0.3749579079979264 0.03632561547939289 -2.4829305666637025e-06 7.467366657631286e-07 1.1286292753479879e-09 1.449202446042111e-09 16592.54046919502 0.022452003377987542 0.05231530016722904 8.617236498570955e-06 -5.858065349544516e-07 1.872451360787889e-08 5.277394611592828 1.4827562980695093 -8.804350316892226 5.87756199103639 10.56621643879292 2.632089531944982 nan 0 12.69541748364136 10.029785455413961 2.066650028574513 0.23275957060399427 3.9275875535453926
2460624.8335913285 10 14 0 3477.6932955316083 375.244994542714 0.8275901284785148 0.051441356199123836 -1.5993396412223667e-06 2.4597301600931936e-06 -1.73779308946522e-08 5.9889675035412465e-09 16704.848643173293 0.019504876633490677 0.04987783844119089 9.6850673158686e-06 -1.1786395255746563e-06 2.1677481319561828e-08 18.565827969653213 66.5331870927762 14.787966644322 4.597876212650201 1.0498928037249011 0.22842083156108312 nan 0 0.00913882290599588 21.60277056869224 0.7494772528654403 0.06606139517424785 5.74532012769289
2460624.8335913285 10 15 0 -1434.0105171001128 400.8368804235207 0.816334475445952 0.09430294320986984 2.712897315789247e-07 1.4515266256785847e-06 2.7824358406296964e-09 3.1982004365068612e-09 16973.691277203405 0.023297922728495832 0.056398990567684465 1.0767598235305298e-05 -5.552145034139616e-07 2.2627815453955482e-08 4.358803231458067 0.7580108300638942 7.325253753586772 1.294863426604142 2.7328591534483726 0.6157270469111115 nan 0 nan 0 0.8611929741872265 0.137681959569639 4.0377770799146155
2460624.8335913285 10 16 0 -2322.8185126358144 261.62508768935623 1.0950167750571884 0.1481364029614469 -3.356605067159371e-06 1.9099165319973653e-06 8.520030174377462e-11 4.015822437793375e-09 17094.731372406008 0.015589158357848324 0.05385253755887965 7.751343165856221e-06 -6.3086438303588e-07 1.6509339362477802e-08 2.8119213799638887 0.2624066068206446 4.642279801535179 0.8983002868848018 3.254047418044457 0.5970097764430065 nan 0 nan 0 0.5565166402174644 0.11915174922555095 3.7986373314697355

2460600.758799942 11 7 0 -1976.5069136387187 167.21866069694698 2.154477627520191 0.28501796404321406 0.0001318661579017831 1.6736162312238865e-05 1.8187327022288653e-07 2.665203730942434e-08 15671.392904171707 0.01243334736573134 0.04946130143122925 1.0765854357258276e-05 -5.967274647704804e-07 2.1138349450796856e-08 3.6656813926845286 0.33131519220653083 3.8788418438046732 2.4746093730040917 nan 0 nan 0 1.962204750757066 0.3881819813315559 -0.016777573571868848 0.04535013590267332 5.999216395412908
2460600.758799942 11 8 0 2839.428864602567 1361.1927426778045 1.5301887407308346 8.380014873143086 -0.0009179032762509634 0.0049268675693555225 5.198560640119976e-06 2.8463380509755837e-05 15777.154141547619 0.06926678095241365 0.047062651860961834 5.8715317648375454e-05 -5.279970648721536e-07 9.322125724063558e-08 2.4695331945323438 0.4591463009018321 -0.7806372379279578 28.209292578578193 nan 0 nan 0 -0.35658662117379947 2.20669930262719 -0.17987224781308733 0.9717588182694092 73.63997342132849
2460600.758799942 11 9 0 -2519.0736533674562 157.41751972791994 3.1574446448322235 0.6081850653955464 0.0001590365198284928 3.334467667143544e-05 -1.6702630265054485e-07 3.9531180216173776e-08 16004.49882940197 0.007621780271405551 0.05324965140894537 1.5959273971629147e-05 -4.6652340944710036e-07 2.5770537680915196e-08 3.6729462017112064 0.2936328158989847 -0.032319533658051514 2.9188693552671356 nan 0 nan 0 1.0313112023545714 0.27739562661335815 -0.11619348469597326 0.04609354585771719 9.995257206567812
2460600.758799942 11 10 0 -1732.0418522891055 160.4426451171075 2.882125244044246 0.5761955031168744 -9.700585321379155e-05 2.0784181981161202e-05 1.0138684914784081e-08 2.4939708634024632e-08 16118.924532377901 0.007899312298309102 0.05091104711483786 1.2412368737105924e-05 -5.932967646714836e-07 2.1298923554306543e-08 3.3650791071163058 0.2823268351755321 0.08330805210648895 4.132665007052897 10.851924946668616 14.297879837825485 nan 0 1.1641802886778079 0.32549331098451584 -0.08079655350863314 0.05442470045579915 9.055117978965827
2460600.758799942 11 11 0 -3465.2235316577244 1032.7380032405617 1.9054634747374848 0.8993814899393778 2.211415345049285e-05 1.4592359248173361e-05 2.1074902797096375e-08 1.423879858829224e-08 16227.583914019668 0.05634980289652403 0.048291437836246356 1.1152778767426312e-05 -5.722359810532917e-07 2.371248691143708e-08 5.466280692260443 2.1910601927679547 14.716421755053995 8.335183259545296 -0.030270861121798776 1.2105528862272232 nan 0 0.8539668100035526 1.0691677982372392 0.0660431365425124 0.1956203062453665 4.607086236498613
2460600.758799942 11 12 0 -2491.471875448072 267.6903576579917 0.7505455792726862 0.045077695661164686 5.765186516469499e-06 2.670076793813495e-06 8.520352764601128e-09 5.600350105747459e-09 16474.934475596037 0.015103741684440952 0.05479303639771624 1.2687675001693551e-05 -6.149646402289177e-07 2.728240480204887e-08 20.29247643893627 92.68909443813128 8.373378773785872 5.46584029775546 5.048534063077611 0.907438034369539 nan 0 5.6763910428605415 0.7802646759222843 0.5220701852304834 0.05184180406179908 8.051430916182891
2460600.758799942 11 13 0 -1783.887188191781 382.2273899397292 0.338426527482138 0.03143231678693219 3.1189612873093985e-07 6.963982794738097e-07 5.817179728842521e-10 1.433318690762816e-09 16592.597515497564 0.021685201658615212 0.052306394855441356 9.306105904609898e-06 -5.729621776480259e-07 2.0399140045854474e-08 4.4498645532285295 1.004262192475076 13.69757265112605 6.251421783022166 14.457867934349055 3.4340449024666 nan 0 1.2719649096754864 9.265149353974165 1.8796605976658176 0.20584430521390676 4.297481256995476
2460600.758799942 11 14 0 -1367.2786260319754 242.00662995435167 0.7183008713328749 0.03788539443841077 -1.1569200719303505e-05 2.7691939528628362e-06 2.050504382326904e-08 5.6397728341488065e-09 16704.529820959928 0.015226775434745984 0.049704818036975865 1.0421449807108834e-05 -7.08661403474401e-07 2.2568959883310328e-08 15.330035554218618 38.23590897256256 15.039040800343082 5.720395369416475 8.881987648556482 1.3970985839950743 nan 0 -0.04295861323544692 26.415951609223185 0.724827857252143 0.054977887389604775 6.859542540526366
2460600.758799942 11 15 0 -1497.9910063709328 383.01087856443775 0.751046454572236 0.08497877747510865 -7.767670689208752e-07 1.5092946338384212e-06 7.2078426381213855e-09 3.4815793666915304e-09 16973.684430257 0.02183439895710567 0.056406077551423704 1.1578484934875496e-05 -5.58122341169286e-07 2.409321095853405e-08 3.830166148406051 0.578977623863286 8.809105599376524 1.5236712709438527 3.743211068809164 0.7133726622920938 nan 0 nan 0 0.7185176568378816 0.11871152566274816 4.566275202304217
2460600.758799942 11 16 0 -1943.5842599666153 261.3113142050188 1.0162001974622399 0.13697629620317545 2.9472337609724374e-06 2.3116962710417845e-06 6.0750671619979575e-09 4.470827281379388e-09 17094.768698400298 0.015721102886113968 0.053853332588743 9.426917641104036e-06 -6.36069900667376e-07 1.9853798282622365e-08 3.076531515455223 0.3717533300360573 5.917453672033646 1.1895894695334266 3.4746950530511116 0.647600058423324 nan 0 nan 0 0.45590179541530473 0.10519234607761753 4.641920904943291

2460604.821429683 12 7 0 916.0309839924125 3380.5805327373855 0.17776419033534754 1.6321509339581124 -2.297458924988262e-06 2.1429451388794484e-05 2.5913391263445995e-08 2.3829051375636205e-07 15671.352705709944 0.22009530531716925 0.04960979064245499 0.00012200664931229474 -8.028361936808533e-07 2.8497168357413556e-07 4.154122248770851 7.479063195201239 -0.02782743797069176 25.444262002893833 nan 0 nan 0 0.5197860035242551 5.463069097311013 -0.006386048491012765 3.2320845399877185 66.62969161712962
2460604.821429683 12 8 0 764.075435519317 748.1048387415974 0.18631526304734428 1.2784197859688944 -5.987488218635591e-05 0.00039116973400548353 1.0908919791313664e-06 7.493220302032025e-06 15777.126063415488 0.04021364628199666 0.04700279102776827 2.2647722504317813e-05 -6.560204240881632e-07 3.1984633600507956e-08 0.34777269884722545 0.3749564256606554 2.1529070409266975 38.108866281216855 nan 0 nan 0 -0.23316727049414093 1.7684668311556595 -0.16556216102887178 1.3163023968476208 104.35273650624943
2460604.821429683 12 9 0 2624.1521011986797 1314.7428300961428 0.34374223190433567 0.6788412208075556 -1.8831558463851572e-05 3.9315441351140624e-05 -6.091365523717283e-10 2.234471445758322e-08 16004.496686306276 0.07823366062949628 0.05315541040359608 0.0001180647296671589 -2.848767273097539e-07 2.2022800887688483e-07 4.067566475844849 3.31412567748833 -0.08639657582719817 29.07351185718146 nan 0 nan 0 1.069582592973976 2.989194384109752 -0.018274848494353707 0.6663023247723795 71.11866460761458
2460604.821429683 12 10 0 -3749.260726388076 1316.1984431519281 0.39073048720079756 1.3298037296666487 6.401189207821509e-06 2.78570223985963e-05 1.2768072239794953e-08 4.929503538557408e-08 16118.844257128314 0.07161487621633836 0.050817943476634445 7.253161819505365e-05 -6.772018740525952e-07 1.4139462065179537e-07 4.498241475996907 4.268358459087686 -0.07604275890250756 27.417037167383246 100.81779947890662 387.45610310141416 nan 0 0.6668562197369459 2.8147239207804584 -0.037180062382282705 1.0716212893557842 50.91783472701553
2460604.821429683 12 11 0 -14539.012916942882 5395.440518947703 0.1225125139415324 0.7781143687866788 -5.352578095410552e-07 6.839761581125931e-06 3.73200433170394e-08 2.3892303630312395e-07 16227.14647008942 0.3210927915740978 0.04864972439550377 0.00019789262711995278 2.3767904788244248e-07 4.091239570178497e-07 37.04052063686907 10823.634245521294 133.3859528584873 1035.6230995561652 0.015818612061906365 25.274567194944627 nan 0 5.448588510660178 39.37359088473594 0.0553250679337057 2.567719483955375 93.75508004264388
2460604.821429683 12 12 0 -1760.6296048436652 2470.2386582103713 0.07286975122118239 0.034754056360944974 2.5789463953464937e-05 1.2654034915147255e-05 1.8488738448113632e-08 1.1054221286015202e-08 16474.90671055331 0.13509105014918085 0.054972485165404504 0.00013329604247217647 -5.340946194392701e-07 2.8853332397134354e-07 12.812760916422672 213.52318638127812 -0.03549685042467761 27.161555868854173 2.1014557565756435 2.375126874313378 nan 0 4.2106477706813585 4.7150136389930335 0.18781608439164593 0.24969915288285316 91.35924732506572
2460604.821429683 12 13 0 -1632.1583824556378 2511.479440379446 0.058394491600126705 0.033948159109683795 -4.4996341481677797e-07 1.6635347099949883e-06 9.483893790775892e-10 3.391845943095246e-09 16592.606671352463 0.1427442922579041 0.05241180052887724 0.00011418929047986507 -8.061588125474594e-07 2.430992605625648e-07 26.492032504589677 1950.8292949528368 0.036038686856137134 32.43969026451862 9.878228430971152 15.73525268513319 nan 0 112.41698551254044 121.6119788224993 0.6376021925972252 0.5668552707111619 58.79958364042712
2460604.821429683 12 14 0 -4325.20347568662 2088.6109773405774 0.1555898897944271 0.03996467314763786 1.4648028537132782e-05 6.21385440251477e-06 -1.3577212473435399e-08 1.2101432267903404e-08 16704.181068899 0.09116485145868113 0.049192711894231016 9.993094696772348e-05 -9.87242474218506e-07 2.0518420515920556e-07 15.117636371838651 261.7868216262354 0.023137860226716905 17.660428430357754 0.7457423185681968 0.7248562767765108 nan 0 -0.22052345963562037 94.84445727483053 0.1113990028852885 0.10900550572609016 60.96883565626627
2460604.821429683 12 15 0 -9616.43274337625 1919.2182867269653 0.4793240559522704 0.0908639074062483 -3.090155611755669e-05 2.0107865686650446e-05 7.477591402746303e-08 4.2574294467972054e-08 16973.129217078364 0.044768840842486265 0.056853645784957586 5.0580768086541845e-05 -5.128002557802044e-07 1.0367477076700344e-07 24.23720265750567 404.97304552553413 -0.006722216417618786 1.3172414357551228 17.201468722995216 4.968708536644324 nan 0 nan 0 -0.1973705329103821 0.025582577034779147 85.60178756445025
2460604.821429683 12 16 0 -4339.4718896541335 3229.5707140387804 0.05408339663940922 0.07579879948254785 -4.417951229925751e-06 6.003672831074972e-06 7.756130210299507e-10 4.441258287574952e-09 17094.978576980797 0.1832846966392218 0.05507647928048269 0.00016841523246026566 -2.4559506180665853e-06 3.3943104093764893e-07 49.209053235869014 14799.268175480567 0.7814582151959523 2.76229248216638 5.891564807544076 10.44587390372272 nan 0 nan 0 0.06260522259110823 0.5421029825770719 85.67639554959266

2460280.813205721 13 7 0 -1008.4430173440155 304.7980271442739 3.1199999137490058 1.8967777489515565 0.00010534341483728404 6.499727909204672e-05 1.5019890458767967e-07 9.309632777846047e-08 15671.432105663982 0.01944525542374599 0.04932617060455499 1.098043114633254e-05 -7.492845319669233e-07 2.3037819537207862e-08 31.69022090611866 296.92136323709263 -0.08795274414319966 2.1066736244595945 nan 0 nan 0 0.6062104275543428 0.431153098421519 -0.03568660317903517 0.1962229728096076 5.367599015317795
2460280.813205721 13 8 0 873.909120840597 199.9680218187485 3.339896956770575 3.6107159690903927 -0.00023126170343859052 0.00024218688003789602 5.285566339869357e-07 5.767458735666183e-07 15777.175607433488 0.010902627069714638 0.04700908386578865 8.403868144519377e-06 -6.120497808647436e-07 1.1793049939104129e-08 0.3585548781406612 0.0811833918442073 -1.2875019021894447 14.158354029862613 nan 0 nan 0 0.5106716759006934 0.6837314081106439 -0.04268116280323346 0.34036652043353705 28.324271754040314
2460280.813205721 13 9 0 3815.1492783587255 568.9314998908487 3.982968432643926 7.525575595491297 1.715574379305258e-05 5.994145305350416e-05 -5.380870645773464e-08 1.0263966313174886e-07 16004.47532049316 0.027105180602149913 0.053002651636819054 1.1752966325655941e-05 -1.8784996271086134e-07 2.0973226703460824e-08 2.000978710989091 0.11654156690343861 4.158658958421098 8.327006866929946 nan 0 nan 0 0.21167897296748678 0.431771757541785 -0.10065077107956066 0.47790029550813434 8.082088057110735
2460280.813205721 13 10 0 281.1921888548385 395.3896441391902 3.3605363380843865 3.976833704219748 -6.189015959686329e-05 6.077266284581198e-05 6.143792806193395e-08 7.840348584261635e-08 16118.837545791677 0.020691794824253238 0.05110284977676475 1.2491649289299283e-05 -4.3951845063482647e-07 2.3401982027590226e-08 8.42591443464913 7.439203398865503 0.12659463051149988 4.027736516893513 -0.08418773996810563 13.947229436506293 nan 0 0.4100841212399591 0.5583447541829001 -0.04339996472930283 0.3646821917562987 7.471274504781555
2460280.813205721 13 11 0 -876.3980057398779 946.5651758968676 2.6007399234412785 0.9267109600052981 1.493540569302858e-05 1.0126637303750094e-05 2.1715169258940666e-08 1.2962567368675381e-08 16227.765402877527 0.051704911200360436 0.048284306966596725 8.68490409453525e-06 -6.477344200915537e-07 1.8550218835336366e-08 3.717199095713953 0.6026498672593443 3.691329736569361 3.694407196877828 0.009263617741952834 0.890144880621149 nan 0 1.5948794672447684 0.9497897635934821 0.06826722223159404 0.14847313875167564 3.546763365662213
2460280.813205721 13 12 0 -1949.0002400997764 432.0807810792348 0.5495192134679125 0.051114008124595794 9.805617765182779e-07 1.4870219574959728e-06 9.76156563038833e-09 3.2436885816822193e-09 16474.812235692676 0.025231090152672 0.05482500174189598 1.0670314105944432e-05 -5.388256945499029e-07 2.3463926737370275e-08 40.21083064978898 698.6294509047392 -5.422018798164215 7.398510423170368 3.592793441162145 0.9706377196102073 nan 0 4.542873370014232 1.046564896410696 1.2734483400379935 0.14992040593427372 6.134565478576533
2460280.813205721 13 13 0 -3365.5586057314795 426.4171018467028 0.3584645173623478 0.038018293694284826 -2.8727166269998673e-06 6.751545334494266e-07 1.2704753461556443e-09 1.220519674649447e-09 16592.520018437986 0.02445934253184848 0.0523329880162923 7.771373454252544e-06 -5.619652800215286e-07 1.6545477673965498e-08 5.824509028650857 1.755219535872775 -1.2245573979039257 5.591968734904287 8.473765702977197 2.2793735950538423 nan 0 9.528521377433554 10.295411147457484 2.5362680788659206 0.30457242635044945 3.4640836882093407
2460280.813205721 13 14 0 1326.7484846684551 393.6885994312736 0.7787795054009955 0.05086140181146628 3.2571695917397717e-06 2.0053596880860427e-06 -6.43301270525034e-09 4.537814023570844e-09 16704.76730532933 0.020889713115145068 0.049789719284874696 8.076066543973243e-06 -9.934585942320434e-07 1.7860260606242937e-08 13.313514343206121 23.59060750254754 11.208644156801087 4.5391962793434315 1.316059223304908 0.2786300160005455 nan 0 0.01411398049244783 23.017487817768068 1.000920302557338 0.08583242673399881 4.894961973097725
2460280.813205721 13 15 0 -3595.3731362685085 594.7591494261117 0.6853774135254354 0.09686250204897943 -6.901152776009971e-07 1.101714532078993e-06 3.061223411208073e-09 2.4817659407294483e-09 16973.56613845881 0.03391390476127603 0.05639248389228978 1.0022758250486703e-05 -5.397439970396704e-07 2.07129204542594e-08 15.427417471323722 27.028965724765474 3.1115359390659654 0.8613406436160852 2.5844158612906205 0.7182928076796609 nan 0 nan 0 1.2416169587214663 0.22215279946510233 3.631352073599266
2460280.813205721 13 16 0 -2853.840067676551 391.9258171722285 1.1065477947273126 0.16715294559593874 -7.190901513643078e-06 1.8870883557781686e-06 2.666067774342402e-09 3.656150156501447e-09 17094.733823540206 0.02274775597350088 0.05384293165897078 7.2961750833384405e-06 -6.50949739712305e-07 1.5707858984059302e-08 3.8116262108671197 0.5075134176355331 1.8252598934078452 0.4299050171679031 3.0194250382065264 0.6178044194712364 nan 0 nan 0 0.6628355046686881 0.14904871751629356 3.457762283752783

2460285.8067494896 14 7 0 391.78226085648737 539.7351307448736 2.1295861003640715 2.0700556333018705 3.0821762352837645e-05 3.154711169926664e-05 3.4197788782334226e-08 3.551585446620522e-08 15671.503022562349 0.029386039937316262 0.04929862037721468 9.587969348992344e-06 -7.468475694280258e-07 1.9866293550976226e-08 2.565248113987284 0.2562136113681989 0.012810984220355204 2.855512213211575 nan 0 nan 0 -0.44818296316578643 0.4891304591939164 0.13046019317731483 0.4751761510851899 4.990381958688873
2460285.8067494896 14 8 0 -1774.6613732053172 915.4809014189531 3.5729830585172295 13.825658194170883 -0.00021001580671388344 0.0007708049222029337 5.481963537197117e-07 2.1150823338476763e-06 15777.000090702883 0.04837123519899884 0.04706391134631009 9.79281016077627e-06 -7.255662116016182e-07 1.3659529163468753e-08 0.6005193436046655 0.20874239204862458 0.15472962208317576 11.590109938037445 nan 0 nan 0 0.019864292611954198 0.0859243423685721 -0.08082935173679366 1.0686498036521188 25.993078327454377
2460285.8067494896 14 9 0 2809.151265143269 522.8832487131651 3.4067354741530966 6.817949504142434 -4.4096803545726484e-07 2.2336181997959517e-05 -5.6790505954987475e-08 1.137371445271579e-07 16004.499165837626 0.02558803371676086 0.05303519497311158 9.430293182631158e-06 -2.2710536954268412e-07 1.758847098872946e-08 1.6702606757604304 0.09084076136838365 3.9932053925004007 8.48045491442342 nan 0 nan 0 0.20336463058228044 0.4377737724735067 -0.061223124860684944 0.5850899374668056 7.41105258038493
2460285.8067494896 14 10 0 1858.3911047462839 495.1767625978887 3.074579289520415 4.862205361875356 -5.633631141549721e-05 7.378162119103155e-05 4.33064363009751e-08 7.207119862386532e-08 16118.899691600172 0.025158611012382266 0.05110673339245633 9.513184724486779e-06 -3.7924655788127596e-07 1.6585052519572845e-08 1.7918535947143217 0.1525555992459625 0.05928898950758826 3.4626990008203604 0.06161300459843844 12.318514788528804 nan 0 0.2701263535518505 0.4708600670836141 -0.028776944873016373 0.5102312616290314 6.832751669644745
2460285.8067494896 14 11 0 -1931.0279935261974 838.6460455883363 2.612827716519979 0.8741044907757842 9.199046955032743e-06 8.177557152673e-06 1.7451769929020676e-08 1.1659442472628373e-08 16227.706835183088 0.04554762250869208 0.04829484652538572 8.507907524981552e-06 -6.132456047266018e-07 1.8200522204998012e-08 3.158297332913212 0.39632231983559296 3.5338611122843115 3.4614108680849562 0.01470630120928157 0.8356672242202057 nan 0 2.473568260941789 1.0941064590776377 0.051542516290270346 0.13380581527450874 3.513765317037777
2460285.8067494896 14 12 0 -2149.293297221321 444.19151645859256 0.5285192425476004 0.04757086408979677 -1.3390397677944942e-06 1.3627298875348742e-06 8.032008292079256e-09 2.928004615297203e-09 16474.799542767592 0.02516123209185495 0.05481597644478406 1.0003833103183557e-05 -5.026940739546639e-07 2.212947832975048e-08 33.934191911118205 414.1240849019934 0.8222959897688621 6.518741476763848 3.2626964662792273 0.8344116597197082 nan 0 4.153817942818515 0.9552589140437964 1.2736438973809638 0.1450297211012467 5.825562601967517
2460285.8067494896 14 13 0 -4120.313513755943 451.628885065877 0.32919921245093825 0.03531515243422224 -3.5523830480576097e-06 6.653286617230924e-07 2.7723803214920317e-09 1.1097949306384622e-09 16592.486124955638 0.02569946784430759 0.05232949086901819 7.528885397428193e-06 -5.666330831711317e-07 1.5983942083480805e-08 6.044628271204199 1.9234218977992752 1.123596597348113 5.520368656354152 6.699772121187781 1.8311077150292796 nan 0 13.721388060329584 10.438524099967053 2.6038910598891847 0.3152666531333647 3.349501460632138
2460285.8067494896 14 14 0 346.60814671088275 432.00893845100535 0.49173074061394906 0.04174793225977853 1.1300837662025611e-06 1.137061609748471e-06 -1.3236370880092274e-09 2.5158477682873374e-09 16704.67806886009 0.02376157383156203 0.04978227933021606 7.035394093779605e-06 -9.23302844888576e-07 1.5792999948810677e-08 3.4081976753772394 0.4436587781876638 14.575868444784444 6.165426904708213 1.9720857218788665 0.4744321350403162 nan 0 0.07512016654761366 29.652209762335197 1.6547793382734572 0.16710123725334755 4.40498818192889
2460285.8067494896 14 15 0 -3703.3285210205204 622.9299542120583 0.6836480825281672 0.09713760081441143 -4.620124400483321e-06 1.2975378085184157e-06 1.5019370967680976e-09 2.4665790793158096e-09 16973.567708439547 0.035481482111648366 0.05638924415682068 1.0300355621947717e-05 -5.561689004784805e-07 2.139356289356104e-08 17.579282414949695 41.58772515093733 2.9051590357809602 0.8257894689141052 1.7568020874778731 0.6352312027796568 nan 0 nan 0 1.2067053046975909 0.2183715365827011 3.7341772402373485
2460285.8067494896 14 16 0 -2814.443360960729 463.28076346120895 0.9509008439570611 0.16884665970352217 -5.195546133328282e-06 1.703816706478007e-06 -4.159456777124704e-09 3.591124614845006e-09 17094.731540728277 0.026469811896248426 0.053858802254506254 7.768757107718733e-06 -6.187703185515793e-07 1.6646000746726745e-08 3.7298188666736536 0.5270495965529235 0.5262664124472781 0.3230542347934915 3.188660656212638 0.7539642902601955 nan 0 nan 0 0.7587352034707969 0.19222103574548624 3.6893205002019487

2460300.7913322095 15 7 0 -1209.8827547430592 612.2416826844905 2.210710000403532 1.7162312064366207 1.95298429717349e-05 1.7905310849886774e-05 3.183158025192639e-08 2.7823410766890735e-08 15671.41366969556 0.03241781072313698 0.04942271434182232 8.419793410530347e-06 -6.16095102672689e-07 1.644514369705893e-08 1.41484127227495 0.10671871109596076 0.028388588536185144 2.099323358903755 nan 0 nan 0 0.2685076996178127 0.2246862416199426 0.006811448013179585 0.28346052767109425 5.231776145864537
2460300.7913322095 15 8 0 1095.9301544402729 538.3692848949656 1.9545485725072609 8.753199919785969 -0.0002508241717265806 0.0010949480212148377 1.002098631091667e-06 4.4889439258843756e-06 15777.185752191672 0.02863949728790221 0.04699404984652075 1.0646782017419993e-05 -5.180397830214706e-07 1.4295251410600673e-08 0.8274975965717615 0.11744623405696702 0.7141985505394146 15.381036333913817 nan 0 nan 0 0.07512011460885144 0.3526239562637684 -0.057001593217357795 1.3440527417411277 26.065266993934944
2460300.7913322095 15 9 0 -439.0955464844473 414.95307803594375 2.7740646233362716 4.856241043406375 2.956150756025308e-05 6.75406787034533e-05 -1.7476244097405075e-08 3.3118295082291505e-08 16004.461208701085 0.02082331957965656 0.05319567647954188 5.1368864179387065e-06 -4.150571936944325e-07 1.036259406632459e-08 0.9732693517899244 0.06593950991098249 0.22625011905852185 1.8138835408727594 nan 0 nan 0 -0.12282592256569336 0.22503073125664294 -0.07153039810476454 0.4936538751247271 5.853535530118725
2460300.7913322095 15 10 0 -263.6820557582291 680.5553666207402 2.1439427283052677 5.002662175448875 1.3908939057786974e-06 1.840756218561667e-05 4.3527299803689065e-09 1.8719706725997217e-08 16118.900659993675 0.034064112526543844 0.05092043502174254 8.140925917110651e-06 -5.14337485748436e-07 1.3925109956601861e-08 0.9430792365481322 0.10844498660641251 -0.015693063363242582 4.349861768082785 -0.6056367795343021 15.538641228658634 nan 0 -0.16660260458273166 0.41292045692153256 0.035794306725568534 0.9033471294954518 7.581351224538067
2460300.7913322095 15 11 0 874.0450915852877 1831.0779367577195 2.1938893304225995 1.8260342369665608 3.6068725980902314e-05 3.8747372239689166e-05 3.910907134277651e-08 4.022989081660293e-08 16227.799085621475 0.0998424220620172 0.04828095355212171 2.1013181362296736e-05 -5.978979029332525e-07 4.413693866139406e-08 3.0409255277620173 0.9163105125085789 0.05891616334472577 7.972601123971268 0.26247799808581673 2.1119811743572807 nan 0 3.478540651575784 3.4271742065193833 0.045200605237915574 0.32761694929828233 8.90678808091912
2460300.7913322095 15 12 0 -1635.4381576882233 579.1183631710138 0.19296499360588226 0.029324503998507778 1.9523079030113967e-06 5.061981092076689e-07 2.319062219243022e-09 9.37636412836529e-10 16474.87450704499 0.0310727194197075 0.054791504016894844 6.9901670809492804e-06 -5.283998579489632e-07 1.5326261264626693e-08 1.763768739844237 0.12456472055182309 36.34301361932425 17.80405606401564 3.004337327722019 1.344139245477075 nan 0 5.38422949217367 1.8059987446149504 3.2370964634487818 0.5432522961238206 4.841568003367485
2460300.7913322095 15 13 0 -2252.9135875965285 490.9238602441538 0.3447188611839717 0.03313831112487758 -5.231820298883243e-07 6.25840138042377e-07 2.3303775400105256e-09 1.2910262388715342e-09 16592.54783830227 0.02704569488206986 0.05233707591631239 8.208228023228734e-06 -5.419105326309444e-07 1.7673088981996484e-08 2.92853230837004 0.32397591663772707 0.020040636138858925 4.316658346553823 1.969036968002606 0.6401731108975397 nan 0 18.407649607551782 8.706847272281157 1.93165538595009 0.21778680726559807 3.8033436650694905
2460300.7913322095 15 14 0 -1608.909165993371 645.7429767509001 0.18316944524377332 0.03240217379974562 9.514598955178755e-07 4.7132334070572647e-07 2.2400241395922864e-10 8.884787120083899e-10 16704.571569560056 0.036214652033603384 0.049705285813281055 6.206770438008765e-06 -7.580409852960157e-07 1.4082923408800667e-08 1.7335864611417002 0.13069140020526657 4.233213001099298 11.199267362341141 3.705519704353736 1.7187294265108566 nan 0 19.661468789519436 62.360018991572716 4.165809103773846 0.7925002199713499 4.412826119161878
2460300.7913322095 15 15 0 -1031.127211237768 830.151839772413 0.3891323840275101 0.10058368507504217 -6.289936617476394e-07 8.965839506072151e-07 -1.1015048227216281e-10 1.8860459201314913e-09 16973.65415369437 0.04591626401462806 0.05642976961043181 1.3245952832632698e-05 -4.4518291449702554e-07 2.7379599289275935e-08 3.0647096337717645 0.37693667546819265 8.691975360783747 3.4689455441446952 2.9758776305048085 1.4382456867583062 nan 0 nan 0 1.8181294141059465 0.5555099788495033 5.142548507084848
2460300.7913322095 15 16 0 -2128.8132194157733 494.32162012544217 0.996359015788664 0.14095456769094172 1.8211834975057913e-06 1.9416990774363252e-06 -4.776270660673861e-09 3.967238699493619e-09 17094.730361151604 0.027620583147158654 0.05386291844549407 7.927212900558284e-06 -6.177606497858816e-07 1.6737553394438094e-08 2.2748145604032293 0.206676010633605 -0.4460722163430218 0.27232296456739535 1.4242820735120587 0.3726620126376686 nan 0 nan 0 0.5021135891986195 0.11682060340682858 3.988364030767581

2460230.868964207 16 7 0 -1716.622369486212 194.0920099538009 2.3528934727919224 0.5897110322175844 0.0001435136946938916 3.49072862670622e-05 2.050864978619384e-07 5.279696926750496e-08 15671.515290906002 0.014655068744079985 0.04948317851221373 1.172696101147992e-05 -6.460123384306688e-07 2.3985451179409235e-08 3.970030373863075 0.45211715129008156 3.971170958009074 2.3691686860931833 nan 0 nan 0 1.1937957643551464 0.3947979062884213 -0.0790703623396884 0.07012381074996202 6.4249150996340525
2460230.868964207 16 8 0 -10544.12025001499 171.82104502056012 3.5239338030866936 0.3071275582057184 6.580275669011006e-05 6.090055631415827e-05 3.978095444619727e-08 1.3305924446121911e-07 15776.389335333442 0.013256320627569545 0.04703286232617136 1.9598279037823187e-05 7.907623696969451e-08 4.043691878150474e-08 -10.559920650850485 13.009161113956461 782.5390147565049 123.91145748788979 nan 0 nan 0 0.0014309016978869826 0.058443446528556466 -0.12307703445100233 0.022043341244137846 40.16313701652077
2460230.868964207 16 9 0 -1493.0499020750863 175.21035921954837 3.0509900118168933 0.9809676497750701 0.00013798435048819544 4.8050744263769974e-05 -1.4539727387604703e-07 5.111746799079489e-08 16004.550529449149 0.009011637945858417 0.053243055301828164 1.7419944003900105e-05 -4.413509792671822e-07 2.9038718256762936e-08 3.780497389622403 0.35103699185645976 0.003252110793183327 2.7954875045906276 nan 0 nan 0 0.7389099476949259 0.3062698149214858 -0.14188438851360524 0.06839993096789784 10.577510395764492
2460230.868964207 16 10 0 -928.0813495968912 182.03772888008496 2.4620194160329847 0.6998635554895588 -8.949702618838208e-05 2.4966972568105154e-05 3.7095058209484816e-09 2.192482715797208e-08 16118.991910266546 0.009515976293459787 0.05094762180280174 1.3573800898784392e-05 -6.105009677342436e-07 2.3931992612790108e-08 4.2204713455489395 0.5429867844360186 0.07512273490577193 4.387107751974958 14.411210185880208 15.76360977392482 nan 0 0.9815279014748979 0.37416730388419384 -0.07877909969358289 0.07784597668354849 9.341779823815468
2460230.868964207 16 11 0 834.1199903111044 1528.599452178703 1.6512552409221424 0.7799395811672758 1.898646021276169e-05 1.2571521992294621e-05 6.927748186831071e-09 8.996214609475981e-09 16227.87625470572 0.0831625586025985 0.04826852483079278 1.1339661103293929e-05 -6.198777244290342e-07 2.4046158628420414e-08 3.1575758960125127 0.5503859880557644 3.6681497907886285 5.030046452861356 0.038286660337710325 1.1886320993155728 nan 0 -0.0024160279505923594 0.9675810741209891 0.07014816982084124 0.19769286215188087 4.724630954014283
2460230.868964207 16 12 0 -2277.3800876248633 293.0935156599806 0.6574413776286754 0.04625369650419204 -4.34592301032861e-06 2.2506111656508185e-06 -1.188864237127143e-08 4.659410786781236e-09 16474.977392202672 0.016538563709576962 0.05478588369372751 1.2740119673689195e-05 -6.24031391000318e-07 2.7393713796270168e-08 14.022259567647664 31.14383412293004 -0.03993192069889692 5.673129445625205 4.775241119208322 0.9901670022470048 nan 0 6.101915651872542 0.9418626592359324 0.689451647045305 0.0724744870523851 7.711613543911196
2460230.868964207 16 13 0 -2367.2772659812204 437.77565244621167 0.2745071620509459 0.03045483677919058 1.8060396204112593e-07 5.930939543918611e-07 3.8098684722062386e-09 1.2774617300335057e-09 16592.60172301691 0.02472796928258375 0.05232247472446012 9.701917431922262e-06 -5.854475148673107e-07 2.1409400961888976e-08 3.3700752234406695 0.5205648890629216 5.445681493278448 6.359393056881905 11.117210529530073 3.178380237127343 nan 0 16.31090994313269 11.56982302008912 2.0886334237162982 0.26899504041839034 4.534376478515563
2460230.868964207 16 14 0 -108.22345828796588 267.22406667589587 0.542425219890846 0.032831481881767946 -5.642096984992756e-06 1.9695731800862947e-06 1.8531127456457257e-08 3.99913366340936e-09 16704.656386102368 0.016390813779071915 0.049723166908379926 1.0010624036937719e-05 -7.942629886349434e-07 2.2177528810176258e-08 28.408853768936588 244.10478085125237 13.271202110806007 6.321173637386673 8.591433793177062 1.5552874507746832 nan 0 -0.05763740652134719 29.788110109019218 0.9296551866183141 0.07547557832651479 6.446794226623591
2460230.868964207 16 15 0 -1812.261742194578 694.9836287333886 0.590422813810583 0.08794315009229127 4.960048157459069e-06 1.455411506115721e-06 2.905077243007381e-09 2.7300479564009393e-09 16973.694135128255 0.039525388949177 0.056402155328197125 1.2376064332006585e-05 -5.241271474927098e-07 2.5686291001289117e-08 4.480871728742605 0.9533758947513448 3.1246936999283865 0.9420510578322177 2.7467110494157683 0.7737165305577748 nan 0 nan 0 0.9432765656174471 0.18966973338754017 4.7092117933336795
2460230.868964207 16 16 0 -2047.6307823174818 445.28306830317274 0.7818596454231627 0.14061655127580122 4.7298004171216595e-06 2.0590338096397634e-06 1.3014261050516251e-08 3.837777887676999e-09 17094.798170331564 0.026467766561792998 0.05387640950398626 9.66479291930883e-06 -6.109418957212227e-07 2.0369568283972022e-08 5.2656282649283375 1.6263664047427049 2.457304074119198 0.640594118205647 3.1481921569597446 0.7827485014853941 nan 0 nan 0 0.5989991565793124 0.1660047864872107 4.571888988599822

2460370.536457152 17 7 0 -3264.4447151681684 199.91180380904163 4.367662339698403 1.777092050828278 0.00023574699242038798 9.754873502410584e-05 3.180221021429348e-07 1.324444483919706e-07 15671.369170718428 0.015620131083114164 0.04955241980671339 1.250511937403794e-05 -4.727645300413537e-07 2.6116748321225718e-08 3.4493519529429375 0.33387275049926285 3.5956110511156374 2.0366575768484663 nan 0 nan 0 0.5859381368904969 0.27831073188881406 -0.1845851993022968 0.07073734731823143 6.845132512755018
2460370.536457152 17 8 0 3436.715388340645 81.41137865426039 5.126051546125321 0.3785437359942101 -0.00015800509465934285 7.090909172663349e-05 1.415667740228859e-07 1.603052529561674e-07 15777.162630450577 0.005043067345109656 0.046859535831842866 1.3385455806686325e-05 -7.983874453329574e-07 2.185331010797223e-08 30.253947290116844 68.16591595660964 289.8211036961939 33.21915907379356 nan 0 nan 0 1.1120215620039087 0.1474781652125826 -0.19406828330010945 0.012976289870595051 31.340769285919833
2460370.536457152 17 9 0 -852.7125087935641 193.13828073889047 4.4483539480011185 2.1776278376041236 0.00026408619867857654 0.00013908902120047942 -1.9119785347557664e-07 9.673116874117875e-08 16004.402874904375 0.009818170375698711 0.05323066728381584 1.746865872212103e-05 -4.062166600684241e-07 2.9224367025760262e-08 3.744885017082175 0.3620315010861912 -0.10044676755347776 2.1323878338433175 nan 0 nan 0 0.522856269689445 0.3078151805351247 -0.1872428151303286 0.08166471966488648 10.845203860319634
2460370.536457152 17 10 0 -1151.0856548276859 238.39639718403308 5.450082443444926 5.14274195459404 -9.973365045756631e-05 6.145479253531454e-05 3.691678913478874e-08 8.010697968619654e-08 16118.940470846266 0.013417062157326234 0.050891098129569656 1.8942387579285993e-05 -5.860508673661275e-07 3.2570059082517826e-08 3.0091846974343497 0.3113173668741617 2.755570921089226 3.5947069730558385 6.871008961925269 13.34211705439419 nan 0 0.36518595402711856 0.3904233861491509 -0.2235126337150704 0.12078154935226994 13.414199067514144
2460370.536457152 17 11 0 -504.8041986172881 1826.175245563631 0.7127244348320754 0.8170611872003943 2.5772854565804345e-06 7.009097030453677e-06 6.173695243349073e-09 1.1032096695659066e-08 16227.793338256606 0.10042312449715055 0.048287281638018285 2.409984990515349e-05 -6.315975939530791e-07 5.298560498221019e-08 2.16909817208172 0.5671771782727653 12.852169304878093 18.160554925100453 1.1007438628546895 3.088366749717794 nan 0 3.732174853554318 4.892025711840715 0.11935150368455187 0.5362411697236827 10.705123495698363
2460370.536457152 17 12 0 -615.7920203127251 377.72865697579266 0.5568476821914928 0.05333920367345911 5.8201320610937705e-06 2.2823064472242413e-06 3.793808531035852e-09 4.648764875307846e-09 16475.048617172266 0.02222718722519847 0.054732001270718346 1.642430959715578e-05 -6.508698291345583e-07 3.522752369289869e-08 25.43703147917352 217.5227448382959 24.664809241531437 8.781687339670853 4.087944393703276 1.1745335023138463 nan 0 6.370347649574198 1.2781713132561348 0.8228860082482358 0.11148346712354124 9.050587158459518
2460370.536457152 17 13 0 -248.8659944538561 556.9581732958374 0.2553612371731267 0.034735299102202584 1.1226101547870188e-06 5.86234858847464e-07 2.7760258684572622e-09 1.2162165434562425e-09 16592.64288600425 0.03056566581506225 0.05233466978926471 1.0700239979371462e-05 -5.829041393661139e-07 2.3847605469390576e-08 4.001122551578495 0.8325982573428692 -24.581413377381 9.767285294928445 11.691523193027566 4.3080464105203164 nan 0 19.57291750490229 13.630018301003151 2.488692725940842 0.3843467519070599 4.697853613515124
2460370.536457152 17 14 0 1357.455102542571 278.16201937986557 0.6235795630414069 0.041049340856061024 -1.000311278850295e-05 2.4831624809669606e-06 2.4295951357744275e-08 5.132897581344169e-09 16704.680621714026 0.018670705641572402 0.04967571008344467 1.2183563624763963e-05 -7.370342628891988e-07 2.7259886939332477e-08 19.04642871516763 77.31922938290357 0.7119859297607294 5.3519072645527235 8.029747309477198 1.4975060890575584 nan 0 0.2116179270555002 33.95083735200465 0.8545693884831379 0.07713496284490674 7.285859537750891
2460370.536457152 17 15 0 -547.5457268143118 347.25619392280055 0.8566294799468143 0.09347162479980924 -6.514190917782282e-06 2.2691153756892633e-06 9.896888018938523e-09 4.895919487300882e-09 16973.55992663948 0.019932946621736933 0.056373113549712625 1.4860267889179594e-05 -5.071677944471317e-07 2.9665344376391258e-08 4.136914989277016 0.8562698449351891 18.202728252590134 3.347656710451335 2.0119551498610546 0.6048936794990463 nan 0 nan 0 0.6746060277285815 0.10978683758788964 5.706418542719115
2460370.536457152 17 16 0 -946.9265599156076 226.68284972371038 1.0292234629598327 0.1141696985924192 7.628318551625671e-06 2.6136999521088402e-06 7.448488172892727e-10 4.814588832264808e-09 17094.70409622218 0.01199045662158395 0.05386949476434782 9.169205238585467e-06 -6.365205314776151e-07 1.8791650088406054e-08 1.9599258091349239 0.17794760409141458 10.54360945312592 1.7666800332665187 1.6664782845490633 0.3881049363671974 nan 0 nan 0 0.4376529640069612 0.08455716510064057 4.905877084457028

2460388.6269674073 18 7 0 -2086.5156172759407 151.90286218763742 3.5071607366193325 0.652869655667242 0.00019576562809534153 3.5623142673099105e-05 3.469747133680369e-07 6.693230481946906e-08 15671.360567000253 0.011069147155987122 0.049497925347893636 1.0611829448307705e-05 -5.536173978305597e-07 1.9315037642220906e-08 2.611869204293685 0.14432977253607346 4.419531213010398 1.763861519836509 nan 0 nan 0 1.1700096381413745 0.28537802269683965 -0.13987217312796887 0.040752267336113084 6.2101118964574775
2460388.6269674073 18 8 0 2173.1786712993635 63.87172809183227 7.913485120896424 0.880863539912374 -0.00017987563669842388 9.128123755049975e-05 2.2160216862296266e-08 2.0257536294367794e-07 15777.228197670995 0.0041448026345678665 0.04690652231536236 1.1453925759758945e-05 -8.400138932517618e-07 1.8709478100403437e-08 20.23497172105871 15.511680008615468 180.10367208299314 26.956700179827987 nan 0 nan 0 0.7919112262296785 0.12726888245784498 -0.23568124320755168 0.014114199948755598 26.204003846616185
2460388.6269674073 18 9 0 -2047.5882374432547 150.39645216979213 5.194684311840063 1.3918277968332529 0.00024838070273268436 7.450647155040332e-05 -2.0626819084185197e-07 6.721939039523357e-08 16004.505147864651 0.006682533645185989 0.05327770443757797 1.486119262469795e-05 -5.068225404506486e-07 2.3251114481884684e-08 2.886781530756229 0.1590230225956573 2.885697839021608 1.986401071224062 nan 0 nan 0 0.6636887115462708 0.22286913025017396 -0.19966238417323182 0.041444699752942585 10.08071571736777
2460388.6269674073 18 10 0 -1258.115265152049 142.694668565048 7.15734236553594 3.2031245643365898 -0.00016620352055243766 5.3892229566526004e-05 9.220277984153653e-09 6.552487738528938e-08 16118.926292914084 0.006841153897527411 0.050879826933583325 1.2255619196902662e-05 -5.768783403343887e-07 1.8967274253467074e-08 2.481857412644248 0.12872338555184196 3.0364177715069895 2.0570537870419137 -0.2620954308213253 6.3585392278039965 nan 0 0.43970180407479414 0.22761610486920963 -0.2381232221299335 0.05078325881173881 9.569596071201275
2460388.6269674073 18 11 0 -2377.6992464657274 842.0586560760005 2.17964999123805 0.8961418917619264 3.3626458753861985e-05 1.8337967794466e-05 2.5973700334985174e-08 1.5437010221044617e-08 16227.63297245157 0.04591697334023835 0.048275942355886114 1.0617763090040796e-05 -6.174031929810922e-07 2.308201416337613e-08 2.9849341275376937 0.4482025582098251 3.4658005374348426 3.9817987942932382 1.376291312989103 1.1438292644165995 nan 0 3.2510588015879964 1.5801173258425558 0.03477873578379631 0.15753871215901488 4.502521704440237
2460388.6269674073 18 12 0 -1605.5905120121295 232.1174983932694 0.9105480920284814 0.0475369460709023 6.543619700938234e-06 3.353403967538055e-06 1.2361548263056895e-08 6.994717892988499e-09 16474.993788028223 0.01347324243443567 0.054752255426460665 1.3114092812908338e-05 -6.232263322263637e-07 2.8389901989674486e-08 2.9098519243377177 0.36522987112785865 17.514887423305986 4.252166817562089 4.537907259278684 0.7261492001201082 nan 0 4.460814993255659 0.5571783181968404 0.4104384992353048 0.039192952347217605 8.30352331222274
2460388.6269674073 18 13 0 -966.9019674993747 361.9874909782173 0.31574974060626054 0.030395339003223137 3.781380003050308e-07 6.377709406374756e-07 4.349805427049401e-09 1.3450665888300232e-09 16592.618154951055 0.020084057138978914 0.05231224078563297 9.335827173125842e-06 -5.69605074039314e-07 2.0825926230978804e-08 3.2399031180577547 0.4231008939073755 57.41279008721567 12.254914739381375 19.765353730526545 4.93569867201682 nan 0 37.50693507276077 12.44922442243783 2.1655751242222703 0.24109141335448003 4.205918599490845
2460388.6269674073 18 14 0 978.4800381018815 217.64761612404388 0.8604406152002657 0.04181436309528649 -1.2671106153041914e-05 3.3563187913322745e-06 2.5647454195479776e-08 6.9541481984903795e-09 16704.62782221647 0.015326271175115007 0.04969361998847839 1.1241791478005542e-05 -7.705610347764915e-07 2.481479564044677e-08 6.289597696479661 2.6506800002676583 4.476718278148031 4.229147616343639 8.822466411830119 1.2055057090746495 nan 0 -0.33230413270745873 25.65511874864193 0.5927569951557565 0.04423206142469227 7.170694123755471
2460388.6269674073 18 15 0 -802.2882578535191 180.06569668405086 1.1030972994064359 0.06488111111107096 1.7383830155696628e-06 2.336794387981603e-06 4.300455449621391e-09 4.960757065075999e-09 16973.68096029786 0.009877243336618779 0.056389406760082396 1.0287867891241008e-05 -5.266850113803805e-07 2.0495405954609962e-08 2.2270808852683763 0.1697919936137397 21.113609644014584 2.181391465659437 2.5997656026355314 0.38856835193116157 nan 0 nan 0 0.4349287111285888 0.04507381520152522 4.796052358829429
2460388.6269674073 18 16 0 -1281.6583555714203 132.4759380576438 1.5821644232186793 0.09301885320560423 -2.247951516808468e-06 3.149900282741283e-06 -1.266888580324097e-08 6.6981818323034865e-09 17094.787004235317 0.0064676489747520416 0.053862391204991235 7.207266784257249e-06 -6.045073031033457e-07 1.4579341112187412e-08 1.6891784755120172 0.115657348405102 12.075327194135706 1.100422929450956 2.3438351614255826 0.2490316638757737 nan 0 nan 0 0.20149194866569017 0.030922947881515887 4.363423683311427

