BJD n order chunk rv e_rv norm0 e_norm0 norm1 e_norm1 norm2 e_norm2 wave0 e_wave0 wave1 e_wave1 wave2 e_wave2 ip0 e_ip0 atm0 e_atm0 atm1 e_atm1 atm2 e_atm2 atm3 e_atm3 bkg0 e_bkg0 prms
2460584.875489143 1 7 0 -11953.278327974756 287.73775979918815 6819.7498648179735 2339.4781308616493 0.5016261127012885 0.1720695118638692 0.00025416014334576193 9.676870509488712e-05 15672.3009684221 0.014567122329844329 0.04889021842631719 1.650971320281236e-05 -1.0627203822330907e-07 2.4272687964363238e-08 1.3134164881762305 0.12607574637251906 5.068780379883408 2.4146293884419006 nan 0 nan 0 0.7215164536816351 0.29506646227865274 -0.10503539455449384 0.0869562176786256 5.921980992231539
2460584.875489143 1 8 0 -1818.0966686018357 201.20359947365154 5975.458027709515 1297.2870932477003 -0.148489612570912 0.0337243988361067 -3.9889676843515754e-05 4.407251830843849e-05 15777.12423821093 0.004282405569970329 0.046986637478474896 6.481180177159576e-06 -5.688195007117399e-07 1.1805608304966322e-08 1.3702085068983578 0.10262666305828665 -0.2124116493143366 3.3542450567143747 nan 0 nan 0 0.8678639764810586 0.24480678728259203 -0.07063259713042377 0.06232886478766635 7.545196205255164
2460584.875489143 1 9 0 -19710.891969729226 207.5064652650415 3865.460263709117 314.0961855116254 -0.22157560385665728 0.02158015982934115 -0.00020543658479029068 2.5585555384095782e-05 16004.458914158515 0.0037996939771243235 0.053259504887206044 1.3297241101779314e-05 -5.249770646914373e-07 1.9563293405119674e-08 0.9957748168091253 0.09695520475021535 3.4986476955857073 2.586231709807206 nan 0 nan 0 1.528777498580843 0.1924619364518508 0.07369133879079318 0.034976123506181546 5.949034835654176
2460584.875489143 1 10 0 -19925.707940954173 201.15310735198383 3467.3858275771863 749.9422081146162 -0.3756736360884015 0.07971889785812417 0.00023267736986881915 6.03842789290637e-05 16118.914694490955 0.007880315410418365 0.050915156473598844 1.4997257626630416e-05 -5.438584147833917e-07 2.291243127966208e-08 1.9029920203256565 0.15706365807453243 15.209936397269193 6.467338139217337 101.12692451312269 32.685702250360436 nan 0 1.2812288582895535 0.39873762427878146 0.0022500136470909532 0.07688499613612604 9.616169403848355
2460584.875489143 1 11 0 -17496.98156918262 inf 545.8919677485438 inf -0.0005831754342779576 inf -4.912256239894894e-06 inf 16227.759167508846 inf 0.04829994966565001 inf -6.134660683597007e-07 inf 0.009156764121201363 inf 70.86364251598191 inf 178.85362197374542 inf nan 0 14.040401590932797 inf 1.6139625575822454 inf 9.441784957111011
2460584.875489143 1 12 0 -19982.620964744296 446.4969067218214 1016.5894826117108 64.66400570791048 0.023453835255102962 0.004402664058866897 2.7647622406206752e-05 9.157014137178104e-06 16474.903694211225 0.02475483374704851 0.054873702884778844 2.236849930554415e-05 -5.902647045494463e-07 4.903582954939844e-08 20.832224173669484 126.32305198116686 0.010247007022349902 6.212647491780014 13.647446350685248 2.7042123812969345 nan 0 8.079057617730896 1.3621516625898387 0.8289812432643706 0.07445996135984403 9.407592437440226
2460584.875489143 1 13 0 -17833.728501516824 175.7194353056809 531.4159439031151 45.99372950031563 0.015628060527457473 0.002266590486269978 3.26819624939735e-05 4.510900364166645e-06 16592.651124413605 0.00959829210957174 0.05231565081473261 8.945587352171082e-06 -7.569929790260095e-07 1.7083755638140578e-08 -0.021209578678393858 128.88620987684175 -30.093364730543286 10.147294602063848 83.65403909343958 14.745221425926996 nan 0 0.008134991287439565 10.047323454350527 1.8880263438282818 0.1922753382444068 7.3366711104193945
2460584.875489143 1 14 0 5838.647184320419 4878.36234305794 -52.883216423881414 27.340983343970084 -0.012278341677934195 0.009357914810787371 -4.929156755872115e-05 2.607089883516737e-05 16704.402932799694 0.21720683097489113 0.05005966705244644 0.00021486755000925614 3.532125358032381e-07 4.567866025372132e-07 -53.41654651653126 21412.7742275025 -0.021789606191001704 136.261177610931 0.0036496732049815187 3.786262519397877 nan 0 4991.1426101044835 7370.1375765574485 -0.9251468196743683 0.36107188300583476 169.59194848609823
2460584.875489143 1 15 0 -18860.10531305896 482.11167677703713 915.2095633185179 111.24938777316122 -0.008625743082961145 0.003569242198475127 4.331500768186926e-06 6.9202456011831336e-06 16973.51317065272 0.022284270486497903 0.056465507486680694 2.7924500987626532e-05 -8.708104117422812e-07 5.584578851868695e-08 -2.0258360371396744 0.3406628488366725 28.894736437472666 7.141832935931397 20.95647880859752 4.435289904768044 nan 0 nan 0 1.0021669518146354 0.16236283257711556 8.142002284848845
2460584.875489143 1 16 0 -18361.306375986558 486.93749624619994 1392.1248946605056 379.3709504632618 0.007267922738603166 0.005823921959449297 -3.282972000613432e-05 1.4546571876931133e-05 17094.607126246618 0.026299493854235287 0.05373235413441494 2.6836204641624852e-05 -7.415722027244347e-07 4.970311840165408e-08 8568.598118314794 7428978137.6547785 4.308879612458718 1.7047826400419401 7.601828706708754 2.6090713059462733 nan 0 nan 0 0.48542217193375325 0.2210133709121036 7.795016260859229

2460584.8908521803 2 7 0 -12753.133788422307 313.20908825249876 12151.381533772286 3715.757903647164 0.9288048547811518 0.29425337632182896 0.0005960582459041631 0.00020272443946666726 15672.247909007097 0.016157714145277287 0.048931811373993446 1.733558743186499e-05 -6.08817548411125e-08 2.631377713222696e-08 1.6471494930265702 0.12122847878349445 3.090740794271634 1.2914880031962312 nan 0 nan 0 0.35219975569447476 0.11796210301318838 -0.2296244398335113 0.039369484696225 5.912838509756708
2460584.8908521803 2 8 0 -1877.675715366532 203.42078669405967 4889.036845598622 994.495691694233 -0.1239098127413226 0.027072474293369245 4.132616705290153e-05 3.612897602075262e-05 15777.127580861923 0.004584885907294356 0.046981380780880405 6.805438273965335e-06 -5.768088384014283e-07 1.250301479218856e-08 1.4166287348854198 0.10982611362526386 0.14860192242029535 3.8034085831733306 nan 0 nan 0 0.9802516763789383 0.2660774157142012 -0.03584477297050781 0.06550834416625465 7.558986347662793
2460584.8908521803 2 9 0 -19460.3992661201 244.02206042323277 4077.5934597262103 477.18830665937963 -0.14470304210404886 0.02116435775418171 -0.00020178971395304606 3.158709413455326e-05 16004.457048616368 0.00462746215587969 0.05326298255351746 1.63578399938678e-05 -5.489130982152508e-07 2.378953464269899e-08 1.291430245700606 0.09978892658132381 3.827644714594127 2.478760283083907 nan 0 nan 0 1.2420354889552228 0.21077346595179158 0.01890841524778436 0.04385279671526071 6.32634105077277
2460584.8908521803 2 10 0 -20073.427167206766 198.49414304939958 3382.1726663588647 794.681792617261 -0.2879471276889512 0.06604753556912801 0.0002024499198084199 5.6995139342310794e-05 16118.91847367879 0.007834216303775253 0.050908450227947474 1.4481657656329274e-05 -5.569709741919114e-07 2.2423120630856008e-08 1.9683366088507492 0.1552972390658395 -4.627370191776713 4.9637207476487175 104.86474895909102 33.638714253212854 nan 0 1.168839947450209 0.38486255498904187 -0.01453109417385587 0.07951717242922826 9.254323864677291
2460584.8908521803 2 11 0 -17271.882990231425 189.8258991566026 457.44254425643174 176.17078110411074 -0.023055710570840368 0.009093492701294928 2.3206492562729178e-05 1.1793820078512484e-05 16227.846678421973 0.00975293518264393 0.048283065007432964 1.053701964902784e-05 -5.382369969242799e-07 2.0012768219430894e-08 -0.013408591563990121 502099.10680643516 135.68573122685157 89.08898837404556 125.22389907807536 70.75592547043745 nan 0 29.49493020712148 17.141434423562462 0.8798518348253892 0.47585337556578206 15.395384072922342
2460584.8908521803 2 12 0 -18550.811108155794 355.2813061850654 957.4568966576248 56.72953201173879 0.011063669599309439 0.003915562981144364 2.768630405309866e-05 8.392849485761079e-06 16474.92197930575 0.020433160695238508 0.05480345163649353 1.812705958015402e-05 -5.81751252460321e-07 4.0803587174307876e-08 -2.4881940060857297 0.33533310832398616 3.219446347229769 6.112977357073324 13.016963536342486 2.3645009354956095 nan 0 9.092372908585144 1.3440788523917815 0.8357937991709401 0.06962592440835493 9.178962939863972
2460584.8908521803 2 13 0 -16986.868455367658 inf 632.911745587113 inf 0.012071972978410712 inf 3.556154587571055e-05 inf 16592.664870470922 inf 0.05224326429434197 inf -8.268337093549815e-07 inf 0.005761883643270765 inf -24.184747922722824 inf 23.842184603701263 inf nan 0 9.549317432857654 inf 1.4057294385655663 inf 7.000206422563782
2460584.8908521803 2 14 0 1272.9321992817054 inf 784.4087104711225 inf 0.024161974744713197 inf 0.0002627073806175094 inf 16704.54288367353 inf 0.049679593870584425 inf -7.694774982747006e-07 inf -0.011218892969514976 inf 10.129413438187527 inf 4.887164668892031 inf nan 0 -7.637336712650177 inf 0.8043949594505011 inf 9.423839287118382
2460584.8908521803 2 15 0 -16596.084801423294 inf 1018.461722858905 inf -0.011054627340547421 inf 2.434510247555521e-08 inf 16973.605299298782 inf 0.05640002065429794 inf -9.813950158272571e-07 inf -0.008123691663275534 inf 10.920774858486022 inf 10.517661383806189 inf nan 0 nan 0 0.783605599031251 inf 7.976313522588666
2460584.8908521803 2 16 0 -19281.453430106518 561.206766217214 705.3653543329112 167.7057266142827 0.0012599402042815042 0.0026417002981121104 -1.0040520735179176e-05 6.2960877285683635e-06 17094.588053580013 0.030730468068992434 0.05379870502428129 2.858016492494662e-05 -7.752848406439369e-07 5.3099063655614984e-08 3009.214453632802 359266316.89497656 14.956550822900018 6.650561893061379 12.671811734762223 4.324689693752335 nan 0 nan 0 1.138522037512739 0.34856907683672117 8.177478725541219

2460359.619668748 3 7 0 -18278.366309009114 182.51855633801614 3932.0935441478273 444.88960437249307 0.11795421702985498 0.014421566439036325 0.0001559430031196669 2.35565322401676e-05 15672.143024371819 0.008157598422339287 0.04944525864780259 8.849554372051323e-06 -5.360201533140361e-07 1.2340396561565973e-08 0.2413323985212516 0.1853395137492051 4.326073615526742 2.9070165070465364 nan 0 nan 0 1.6275092796720687 0.2677543893469046 0.2600865320658624 0.07005322703896466 4.161825377106477
2460359.619668748 3 8 0 -383.51763559544634 120.83063424289988 6040.153215952709 454.6802537482717 -0.02543026508716346 0.0120781116030723 9.174061022825265e-05 2.703317664613816e-05 15777.151411320923 0.002526697902899859 0.04698878474302008 3.4383425909926734e-06 -5.734785901795849e-07 6.530210387372934e-09 1.110604878826469 0.0666070462969583 0.15875678130283077 3.0394100307263665 nan 0 nan 0 1.4721097188123184 0.1651425297967506 0.061797330445803794 0.03167271896125465 4.519789472106012
2460359.619668748 3 9 0 -18353.751285862967 221.54813949720676 10798.372738868044 2425.3167988988343 0.35457802762062635 0.08974867627995196 -0.00020762614882914295 6.353214626824232e-05 16004.447047478825 0.003885947566722649 0.053310349173649206 1.219173827364315e-05 -5.87418536953041e-07 1.71031789911189e-08 1.0131525368741494 0.07227648438117905 -0.01712666751423822 1.0981209822171234 nan 0 nan 0 0.5244130821126127 0.141666441413121 -0.12868499297342129 0.05061383850647021 4.858664843315117
2460359.619668748 3 10 0 -19266.48690622501 153.96867788066413 17464.373383561942 9043.733252284686 -0.09112496046931862 0.060595625134819746 -5.3763021387939976e-05 0.00010161093807931706 16118.85949142105 0.005714062319125737 0.05084996048968172 8.634048284490862e-06 -5.552782856429151e-07 1.2497028690813109e-08 -0.738177472303489 0.09734961280709353 -0.027082131089342487 0.9674545946164832 -0.020441521674864183 3.4254031138634278 nan 0 0.1624128324259806 0.08897814279304365 -0.2376794492865784 0.05885934880731023 6.043622848704333
2460359.619668748 3 11 0 5567.680179814706 1493.8969441354257 5358.467452064554 3437.5568574796634 0.016635340688878036 0.03278725138611855 5.381741144334881e-05 5.253299239257771e-05 16228.936635041273 0.08319303916952395 0.04830120470898473 1.7286145772712826e-05 -6.241424698074042e-07 4.953410626859258e-08 89.47546149613551 9209.680169251531 18.693024731640516 13.230184345927292 -0.027436303944413765 1.495439248026184 nan 0 -0.012196070951973084 1.3509451713946437 -0.0027121440805743173 0.22173047340928023 7.149277955697181
2460359.619668748 3 12 0 -18415.31621655234 244.19928309893447 847.734978835723 96.17025789143877 -0.002445843199865374 0.0022166021022002294 4.860140286557349e-06 4.663167757747548e-06 16474.889736291934 0.013439099593479484 0.05476566208839793 7.302435390829898e-06 -6.012704399594797e-07 1.5771251892115525e-08 0.4129454962160441 0.1725609686841552 -0.07468818389160865 7.300990012074006 2.2062939363176604 0.7460873835959482 nan 0 5.670029138484421 1.310572653298535 2.0241734692734283 0.2676783128835305 5.976668613795175
2460359.619668748 3 13 0 -18175.388376780247 inf 722.2707353090069 inf -0.0026454942832953945 inf -2.0347059338237256e-06 inf 16592.518091094556 inf 0.05231171571173245 inf -5.951615542190024e-07 inf 0.003684034362053931 inf -0.06325050491617729 inf 6.633842225642621 inf nan 0 30.587744269839376 inf 2.394411797702291 inf 4.784884084626325
2460359.619668748 3 14 0 2026.4761805530663 202.3667505039958 779.8154867009516 49.449547560563225 0.008804744603300609 0.0037636177347271293 0.00020019031868949132 1.2572230646198839e-05 16704.593420042977 0.011677151803212538 0.04974238219445486 9.738742260487113e-06 -7.228601968067677e-07 1.9254268673383038e-08 0.8095615496286083 0.1640553567728539 -0.1069692188817744 4.847611076814777 5.36748173164997 0.8846966211088713 nan 0 27.080758835182543 23.777969278119322 0.7218130875333906 0.06554637736000384 8.259463072661898
2460359.619668748 3 15 0 -18377.611885183484 209.4565864171023 2549.901844257597 251.1460408055576 0.0013434997412182423 0.006845916352477055 1.8697326931443076e-05 1.4682731746744565e-05 16973.435523622604 0.012659213665460155 0.05640434447211181 8.54132763338069e-06 -4.831980665757992e-07 1.7388211231522233e-08 0.06544567666519463 0.4539161924544549 1.9497255984032937 0.4906618980094168 0.36083708086346006 0.3518656553966035 nan 0 nan 0 0.44906543756520734 0.07668479115587223 5.986330720918414
2460359.619668748 3 16 0 -17932.129341653475 891.2403513136888 2177.145814087095 517.9718652233475 0.004229031185429203 0.006650510441364919 -9.384368408776222e-06 1.3326767005024055e-05 17094.60190279456 0.046579196811710216 0.053860705372959894 2.7876873544250656e-05 -6.549482806976526e-07 6.074672000785843e-08 49.34941296493693 1364.8073493304148 2.8575779490651647 0.9338903547823313 0.6110954063877616 0.5510814702887403 nan 0 nan 0 0.5091966369970831 0.1982902773239962 6.330322142264199

2460359.641852384 4 7 0 -18313.161819589553 263.515333683189 5308.2137125182735 1071.9325715387702 0.23108658058089976 0.04630331510482091 0.00029298891996366736 6.227859605637697e-05 15672.117950370988 0.010794880531049557 0.04945997193417133 1.1273002791317572e-05 -5.11697677571457e-07 1.4311455319023506e-08 0.7496069341096803 0.11121491285178234 4.813857112280998 2.182076665888882 nan 0 nan 0 1.0660250074706392 0.27499500290493556 0.07299981581201688 0.08716807804143814 4.005730911751275
2460359.641852384 4 8 0 -1160.7652488171377 108.12143674226928 5196.5645907634935 273.6437867331228 -0.045511992112621115 0.009762287961163714 3.828029628376001e-05 2.1090558312868278e-05 15777.151609493863 0.002196735731883161 0.04698535608871472 2.8883503660441917e-06 -5.880680903216076e-07 5.580475755996603e-09 0.9762662305625428 0.0650630359596237 -0.009495270470662565 3.035233117596709 nan 0 nan 0 1.8369357328576799 0.15403799381460068 0.09423485188242993 0.023904429387379255 4.218223743150401
2460359.641852384 4 9 0 -18166.214785375283 224.03976180620873 7898.3332647685365 1185.4094425816802 0.09437199493265144 0.023841371261084904 -5.452608198898486e-05 3.5549918205807714e-05 16004.459678197672 0.0037953279715098034 0.053297463558803417 1.1929202927819995e-05 -5.601810756784195e-07 1.6896857201509416e-08 1.046644519433027 0.07503721276569443 3.3683431567666275 1.5115280746904138 nan 0 nan 0 0.7691830749975608 0.14881634192441193 -0.06527492261798082 0.043412251701519355 4.838000684888089
2460359.641852384 4 10 0 -19052.761220668912 158.3481180351566 16805.35748368935 8053.670741494369 -0.20726584096440792 0.051589215315563396 0.0003410460708207129 0.00018854404703698248 16118.858178285447 0.005375083915697061 0.05084424677696191 8.1550583261028e-06 -5.779947653560978e-07 1.1502485852522793e-08 0.8047905546942437 0.0850775205291679 -0.012226001174906354 0.9052129842086234 -0.06888969671388767 3.2228858973988896 nan 0 0.17957499832697352 0.09142026934398309 -0.23992633028546442 0.053397592534841956 5.756532490509312
2460359.641852384 4 11 0 19933.682627934748 564.3294267007753 3971.551232008472 2282.093908441399 0.05646452052466767 0.04279086264930905 4.9413304787771555e-05 3.973230035066101e-05 16229.72228239661 0.032185710167399066 0.04830471316951789 6.944565786522848e-06 -6.337820909322142e-07 1.6592768316150925e-08 0.21660052703512359 0.4177418084888671 -12.856746564857827 9.32231714541163 -0.046240447057957074 1.2126798869634856 nan 0 1.3139333211294733 1.3538948579924968 0.0875008524046321 0.2504490158641754 6.8758238239048435
2460359.641852384 4 12 0 -18628.436298636454 247.66336303778974 857.3941827149696 89.57698526041413 0.00493789696983037 0.002222646602501957 -1.052986347147626e-05 4.619123791548858e-06 16474.882128567046 0.01366660810631607 0.0547738531874063 7.3957559819396135e-06 -5.782299017029142e-07 1.6096141692795414e-08 -0.4591459159229648 0.16234402197514292 -0.05937285837775201 6.809662159597114 2.6801145148302385 0.8323387682765858 nan 0 4.667751555430948 1.0692776156655768 1.9318058328500483 0.23687162002091272 5.812912188005643
2460359.641852384 4 13 0 -18363.822696953517 157.7679225261404 1182.8540624821565 90.35335180381307 0.006856899701949917 0.002577740679356434 -2.3378171924615457e-06 5.175443988035738e-06 16592.501764882734 0.00864943805869397 0.052325433335630264 7.063537680963788e-06 -5.758751613100827e-07 1.3908341215868404e-08 0.021733390877453657 85.89456263427074 -0.1300048652187985 3.3105867510546103 4.181464627447697 0.9153156679969625 nan 0 15.095284208593668 5.792610496180754 1.3048713451674325 0.12522138616476314 4.755108689009576
2460359.641852384 4 14 0 2170.698798811128 155.59386152306857 1808.088835471251 78.57153851639634 -0.019004546503417135 0.006333370599737206 0.0004995275515029045 2.13831388026692e-05 16704.605840372595 0.008906048571137935 0.04972138552348195 7.813791799874842e-06 -7.664250573993073e-07 1.537972672696207e-08 1.0987360003552495 0.12164367105652664 0.04543961439180455 2.8573805243770254 4.51024866135052 0.4963603827381711 nan 0 48.28109890500213 16.03517630682184 0.5552689160039239 0.03766736329883455 6.28323168406845
2460359.641852384 4 15 0 -17360.648851483962 150.16501992684627 2274.195094104492 225.63424601151746 -0.008547575855268693 0.005709397143722597 -1.046797210026008e-05 1.1725002243921485e-05 16973.513565509315 0.008054564245766137 0.056387427985158875 7.634388681902065e-06 -4.910067094319543e-07 1.5139887003748113e-08 -0.015089467444500671 212238.03032264774 2.089615506894276 0.5198087523496705 1.5462589359129464 0.41235723881159114 nan 0 nan 0 0.5177246250392832 0.08401792321436195 5.551545756641865
2460359.641852384 4 16 0 -19061.89867273153 163.27240597461167 1982.1920074133375 349.68510992521993 -0.011752032880065759 0.005021332507484065 -6.121890959365676e-06 1.0380990568057602e-05 17094.499682084464 0.009397682788183537 0.05383001736267435 7.655038849907566e-06 -6.468387483753172e-07 1.627713841706077e-08 -0.018811441874001144 1989.429943231579 3.1758785353639425 0.7945315056905052 0.7718687507581081 0.3747649154408013 nan 0 nan 0 0.5721784086625008 0.1581554079630036 5.56110840158071

2460359.664042039 5 7 0 -17860.163739498224 239.8318982750597 4988.754160725246 698.629158209813 0.15667029670532429 0.022755419017124308 0.0002536331548425006 4.071165363864081e-05 15672.137125810721 0.00966062724456602 0.049446630292074925 1.1162930430769091e-05 -4.993303027993301e-07 1.3615311481762826e-08 0.5678873471833633 0.1218167151413123 0.5452789084005968 2.2158590345374276 nan 0 nan 0 1.3762164417302223 0.26192973511419704 0.11026095414238285 0.0656967018449828 4.253497803649071
2460359.664042039 5 8 0 -1226.5319845564543 104.55033520173657 5389.065066153217 254.5257991647053 -0.04888261650731099 0.010129484429577826 6.844604986538298e-05 2.2058244966780318e-05 15777.154672400038 0.002125104010879918 0.04699155309262556 2.7708328119535807e-06 -5.803332789458988e-07 5.383051546334362e-09 0.9648492058049736 0.06294769595032712 0.15408862975616522 2.9886545132997906 nan 0 nan 0 1.936843421417475 0.14818318742615155 0.08705523306697936 0.02111498676641755 4.231314734976561
2460359.664042039 5 9 0 -18495.225046022926 264.51237329766235 9170.8464352635 1671.4421157282056 0.2121037199014934 0.04802997944868462 -0.00010931320512120991 4.9131301458643416e-05 16004.462624009308 0.004313133663117048 0.053318636904990155 1.399406748582854e-05 -6.01664181138793e-07 1.9567357495970987e-08 1.1224641598645073 0.08076061689017815 -0.06781576126015271 1.4092099060332033 nan 0 nan 0 0.7030379063599154 0.1618641558185661 -0.10077447893312837 0.046218812841128144 5.545475554773198
2460359.664042039 5 10 0 -19147.684445017047 183.24745210142882 17128.709554774894 9020.440097253111 -0.017087828562271166 0.08994720795682355 0.0003208059132158486 0.00019983345376147616 16118.910377482494 0.005951055140673668 0.050834630888671704 9.153983576423941e-06 -5.966337279052005e-07 1.2727979002725098e-08 0.9119560311281785 0.09159256970576797 0.0188631572823363 1.0142423155337628 0.2887069757871796 3.651217316453643 nan 0 0.20331793001838835 0.11444434092322964 -0.23762128391130055 0.0598976812949531 6.301724789580206
2460359.664042039 5 11 0 13362.080739350891 2439.9553306180405 4448.395601128149 3651.9441027986895 0.0631574454553068 0.06883176090578484 9.227825785944564e-05 8.588917611203444e-05 16229.380928870947 0.13345597115063093 0.04831322116776947 1.9370139692413645e-05 -6.864968328893111e-07 5.5630765767002725e-08 95.78566963492634 13165.262214694472 7.212799936132032 9.094866841736891 -0.012364260235067058 1.7786935856735653 nan 0 -0.07024336865873543 1.7493571722834902 0.051592741665248965 0.3283108064960996 7.970050194088397
2460359.664042039 5 12 0 -19008.675380390563 685.5736150123399 1146.085061912586 121.9304996986871 0.0209250016141455 0.0040403096690291886 2.3232572092218053e-06 7.058949656283162e-06 16474.87044221847 0.03552661745203495 0.05477690681140064 1.7469103598372328e-05 -5.648962980667343e-07 3.851381046528505e-08 69.88952399736462 3912.366727447639 0.40359212486876284 7.18263951068067 3.4340582309732457 1.0855386638339088 nan 0 3.515436150654983 1.080793841678 1.3874380484179476 0.18338453637010368 6.747164037592003
2460359.664042039 5 13 0 -18342.999186358822 inf 907.7210626324634 inf -0.0018147387542999894 inf -7.363230304168267e-06 inf 16592.507906474337 inf 0.05233923635814399 inf -5.709781126881524e-07 inf 0.011281513375807333 inf -5.512063704433229 inf 4.9408114502834435 inf nan 0 28.808706859309375 inf 1.8379820086049297 inf 5.021828353001957
2460359.664042039 5 14 0 1863.2667306041824 148.73201831007853 1857.7443114510536 78.26986253942637 -0.025674463096761857 0.006632932374560255 0.0005025730351737969 2.1425766274239593e-05 16704.58116398824 0.008404510729289398 0.04970810401385862 7.607319625769668e-06 -7.486449632816218e-07 1.4852314663481178e-08 0.9771324805255986 0.12193712443569849 0.026708182952368154 2.888167816799899 5.392228074847914 0.5852477079666024 nan 0 53.74908978357141 16.330120316983557 0.5593625115665042 0.036709489973023125 6.381578320512786
2460359.664042039 5 15 0 -16062.654712795229 inf 1917.1026627061497 inf 0.027525943396994327 inf 1.9633458288097738e-05 inf 16973.57839886397 inf 0.0563652565598365 inf -4.981834407292784e-07 inf -0.0009939712912182194 inf 2.491755167613741 inf 1.556329798461998 inf nan 0 nan 0 0.7136840422274734 inf 5.86709083508995
2460359.664042039 5 16 0 -18394.921114762354 154.93239683623847 1993.144987414101 343.24773203294785 0.018427205644552146 0.006233509845983798 3.333021077262685e-05 1.1033590078169255e-05 17094.572462026554 0.008410353339572353 0.053835480639901345 7.293255743202254e-06 -6.182864468672023e-07 1.4879370512378476e-08 0.01402921320714643 226070.3514354697 4.433681347051462 1.0923744721692719 1.1513925272129353 0.41973880415688053 nan 0 nan 0 0.6160760506228435 0.16197465868400898 5.401331422556367

2460370.5901542692 6 7 0 -19009.193383227015 264.30055162966363 5688.380119122817 1228.0993361395049 0.17203356701344974 0.03765331381354858 0.00031162685337375617 7.124168947078449e-05 15672.17195695421 0.011360643589969972 0.049481053458805394 1.2149852226578036e-05 -5.634988731549558e-07 1.5711112237690736e-08 0.7283348008332113 0.12603952557791362 3.6463210215243165 2.1898105162546595 nan 0 nan 0 1.0255400884552732 0.2817671214858024 0.05444174716928065 0.08918504584294062 4.396937394597622
2460370.5901542692 6 8 0 -2080.321481408406 113.55149667036825 5284.933248170039 327.57569166361907 0.014720048400391171 0.01106931388746002 8.973155084575403e-05 2.4175994603867095e-05 15777.170777875739 0.0023316732088142843 0.04699199895149949 3.0649470003925133e-06 -5.842748314339032e-07 5.914358067780518e-09 0.7889452249330194 0.07071864070930615 -0.14004334893077497 3.2762745196014804 nan 0 nan 0 1.5910633452861505 0.1527076470896905 0.09206280077666139 0.027983818139515382 4.644304619972547
2460370.5901542692 6 9 0 -18351.736785787692 214.2405476475333 9171.256303933209 1824.3409362392933 0.27686412456511994 0.06279825895558737 -8.286486999617875e-05 4.507773932086961e-05 16004.439849015178 0.0038754401920444385 0.05331980339869792 1.230064794193172e-05 -6.126366341496651e-07 1.7502218529825508e-08 1.008643261134715 0.08180618792639273 5.872984699275239 1.8140817817306187 nan 0 nan 0 0.6129625824645115 0.1511625556900197 -0.0978743749459233 0.05099174487065878 5.148676503598542
2460370.5901542692 6 10 0 -19568.095472496054 234.5778916095761 27031.01454638038 8828.264537594472 0.3230073167595803 0.27848035072516736 0.00025718676398760475 0.00020433273757596587 16118.88614967435 0.007933226818765956 0.050832543973237325 9.876547878630273e-06 -5.929959475179516e-07 1.4221762488658232e-08 0.683506905403928 0.10849752828815892 -0.020451821560417027 0.5816747184553799 0.06003475594457797 2.0589963355928416 nan 0 0.07312700197434327 0.024693414950135505 -0.2934892692882448 0.01888421730012951 7.232547445776459
2460370.5901542692 6 11 0 423.31358232581096 1802.037650543896 4087.673185047714 3381.2946515241124 0.03992895387198181 0.047702874551281874 4.817449635947504e-05 5.13092867410599e-05 16228.64670790663 0.09888594002477256 0.04831469805624633 1.7924680892744313e-05 -6.187901717854014e-07 5.131137847306684e-08 92.69005907444651 10455.596349713258 19.165518582251156 17.456313072431705 0.022434770262596312 2.016177154661757 nan 0 -0.5204952805841848 1.8178835034380982 0.09480412524631847 0.3665873438255259 7.307614413400719
2460370.5901542692 6 12 0 -21895.238774453992 1271.625772780028 855.4210171379226 182.15313096236056 -0.02757011087924268 0.010205304543547148 5.079334052708101e-05 2.090449459279393e-05 16474.878584208425 0.07430438119302059 0.05463750630482717 5.685414812557191e-05 -4.510818600398952e-07 1.224350091736524e-07 15.382577705477956 129.20313055949444 0.053669772142358005 14.003187755593991 -0.001086656744464301 0.3653535675914617 nan 0 5.929173870226392 2.692828736659042 0.669811058213965 0.2138029867859323 22.046415142220706
2460370.5901542692 6 13 0 -16770.234758513878 176.2536960072161 1038.3152120145003 94.85850948122632 -0.005534959889494427 0.0024290809005896538 -1.2810534187351294e-05 5.000881792082347e-06 16592.646353413733 0.009579668744957035 0.0523067736664801 7.507926871176923e-06 -6.485758061773599e-07 1.472221213803225e-08 -0.029666609949890965 0.9037576933924184 11.284871370906872 4.714248279705474 1.0255878491418957 0.5016640808269813 nan 0 16.89059068914836 7.031684870872096 1.5125616178613457 0.16865830826545553 5.0507549677688175
2460370.5901542692 6 14 0 718.8802436381121 163.65020269550243 1610.9854840322641 77.25737261019297 -0.025210109574180302 0.005717166791156613 0.00045484443718702685 2.10788701628901e-05 16704.536964122486 0.00956743257974754 0.04971442915120982 7.787050689964174e-06 -7.145770514011887e-07 1.5549847599855288e-08 1.0084085729143908 0.12504724502415482 4.607603492335879 3.360902709164537 4.5960838311733765 0.563227253687928 nan 0 49.01157527069774 17.87255828515347 0.653730152682452 0.04629067081292353 6.345559721712461
2460370.5901542692 6 15 0 -17302.240809995663 inf 2348.0416063913303 inf -0.020632472924974866 inf -2.3640871535388314e-06 inf 16973.486952406605 inf 0.05642756527968329 inf -5.156249973123484e-07 inf -0.009152676399505899 inf 13.736250127844528 inf 0.9703728826251492 inf nan 0 nan 0 0.49116994504371053 inf 5.8423131173766105
2460370.5901542692 6 16 0 -17973.126570892 inf 2831.552777388674 inf 0.02625621157632455 inf 1.6725410191697138e-06 inf 17094.6074230833 inf 0.05384875308300062 inf -6.300911990500538e-07 inf 0.010382445688134373 inf 8.772636359836449 inf -0.27105288122098226 inf nan 0 nan 0 0.29254590975204536 inf 5.82349285649958

2460370.6123958896 7 7 0 -18819.067391512606 213.6767048887342 4640.340633068023 683.6289732162178 0.19778926663382518 0.029191552614886547 0.00022414332003815507 3.770165113749353e-05 15672.156695161513 0.00925881803679385 0.04946857664105498 1.0486625603018892e-05 -5.353924183393073e-07 1.400061543670838e-08 0.6015479845582631 0.11844749558235464 9.285941511859917 2.634367571472395 nan 0 nan 0 1.3067315566555446 0.2597336566327176 0.12035077417152623 0.0705946927901187 4.129938619481031
2460370.6123958896 7 8 0 -2291.638226375223 99.20422666006881 5130.079468198172 249.5048476047197 -0.03270673236907627 0.009392956766875477 2.6071876957069962e-05 2.037505054546413e-05 15777.170431565404 0.002082155593677919 0.046985393026126664 2.7214749775594126e-06 -5.871475649906073e-07 5.263739824168475e-09 0.8591982084123878 0.06245833112889079 -0.1765273748575424 2.974630441095154 nan 0 nan 0 1.7973978892100453 0.1397591796485081 0.09681453745140317 0.022209825020207675 4.149584113852823
2460370.6123958896 7 9 0 -18589.768158108538 196.36189363626227 7214.001294922777 901.2085512920653 0.15627495059770358 0.026317043419377295 -0.00014122807799034245 3.655258278221295e-05 16004.48182065117 0.0033703453873639502 0.05330956398394246 1.1010269193609196e-05 -5.751430852691622e-07 1.5835217420069608e-08 0.8668069478299455 0.0798670267041168 6.9409031421951655 1.8571851783765159 nan 0 nan 0 0.8604909352577358 0.1433910224557206 -0.04147986661007843 0.03914437754407021 5.07514273968931
2460370.6123958896 7 10 0 -19139.085164386932 177.00492675493012 15692.580826981295 8141.651486057746 -0.10574000366503998 0.04777704080509808 0.00023788451453432224 0.00015327436796761006 16118.917142776181 0.005680026330979855 0.05083636472199684 7.980200540170924e-06 -6.011676115721098e-07 1.1404701750492285e-08 0.7186855623519552 0.09240819500502512 1.0485893387744352 1.1050555661685724 0.047883370830417715 3.5246595534161163 nan 0 0.18468520187996829 0.10198665285617398 -0.2328355684574224 0.061489389728041834 6.008541543171884
2460370.6123958896 7 11 0 -3344.4457012379676 1410.1323775544392 2567.6967690253705 3161.722870386813 0.03450888190986955 0.05057640408253738 3.417769225858956e-05 4.7420813538206734e-05 16228.424557597878 0.07948485388093401 0.048317973301001814 1.7805398525380576e-05 -5.304111372536425e-07 4.967371495351085e-08 41.86228414201412 941.7666650826696 46.24053610796306 61.51525677691756 0.03980188003379331 3.0771992764647993 nan 0 -0.18256456344182148 2.7356036300478546 0.33995007644564745 0.8476416973645954 7.182415362261874
2460370.6123958896 7 12 0 -19058.00526791515 118.85167666795593 1114.957615206553 84.5756953557548 0.007502612072146662 0.0027128073676592037 -1.2228430469588147e-05 5.58193247060638e-06 16474.90251746394 0.006426250094019996 0.05480463627960179 5.241944446857019e-06 -5.361700607698349e-07 1.006275715343827e-08 -0.029264630170816743 1.2456323357445789 20.558264261792893 6.887084327550554 2.124780746793483 0.4834611373983622 nan 0 3.7894753346975807 0.6830982747947281 1.3962102263178242 0.1313642629814851 5.476159997713643
2460370.6123958896 7 13 0 -17772.679881308653 159.60395881990146 1331.366358629454 93.28752496608443 0.008972403915950665 0.002988185247581701 -9.677489976746993e-07 5.9923482291611715e-06 16592.578570221554 0.008372204193464293 0.05232897383780688 7.153293967430822e-06 -5.925823177408169e-07 1.3930065825361957e-08 -0.022813412890198233 42.48752801428491 8.733220189344356 3.474195274741354 2.491987684643012 0.5961063381576946 nan 0 8.668620898548316 4.956031584392695 1.1188342307269386 0.10178842713348557 4.909304167243234
2460370.6123958896 7 15 0 -19190.975382203764 inf 1980.0253515295594 inf -0.005099790952059366 inf 2.3072993627704392e-05 inf 16973.491205082828 inf 0.056373644921782234 inf -5.323783914300631e-07 inf -0.009923665062138876 inf 18.296677598452142 inf 1.0746203271937491 inf nan 0 nan 0 0.6506815374257311 inf 5.523999245802918
2460370.6123958896 7 16 0 -18097.84271717396 inf 2557.0138147754983 inf -0.0052102691047526874 inf 1.4020153492393428e-05 inf 17094.603341508464 inf 0.05382736526816486 inf -6.576798255829557e-07 inf 0.001444646304277493 inf 12.346441360815511 inf -0.2808746110367066 inf nan 0 nan 0 0.3691295360502266 inf 5.602375673183227

2460370.6346235494 8 7 0 -19066.601980229454 236.2268246432994 4910.354288747095 729.8301035380318 0.1702371984240791 0.025852430262458485 0.0002714244831206017 4.513541864979894e-05 15672.166196625063 0.009788111587479897 0.04945836744379146 1.1179113765083573e-05 -5.135758029407019e-07 1.4490330848185414e-08 0.6378341635117982 0.12140228410859044 10.65633541846368 2.784053335225018 nan 0 nan 0 1.340822957071797 0.2697352646562641 0.0997532712245804 0.06816057875050656 4.368829124108288
2460370.6346235494 8 8 0 -2250.201668577334 106.82156077314052 5017.614730007388 231.0612716146499 -0.023706678936438595 0.009729195635308057 7.408106985224887e-05 2.1384184579304488e-05 15777.171222867519 0.0022788432885120307 0.046989177228659945 2.9733676722362047e-06 -5.844281201461136e-07 5.774699806521616e-09 0.9610456774301134 0.06796666478469127 0.20047778766389865 3.279787324500239 nan 0 nan 0 2.065974874551272 0.1579289774512099 0.11050535940101593 0.021680301156423144 4.393481109377008
2460370.6346235494 8 9 0 -18333.451896361614 237.38628007913263 6714.5623027741185 803.4797132780774 0.13986139020458307 0.024635908209554146 -9.52340825656596e-05 3.6226095307032227e-05 16004.465495283803 0.003967702495308795 0.053315385747156864 1.3358643197094184e-05 -5.920212893125832e-07 1.9073809433103515e-08 1.0164517521173417 0.09255984333190168 1.1832239752187697 1.9396841610013433 nan 0 nan 0 1.0345161756282122 0.1714624901001346 -0.019012973808218897 0.04022887464721926 5.724069031535068
2460370.6346235494 8 10 0 -19387.333065406423 207.50893179585745 21917.402378567767 9320.013789934517 0.06962811812128997 0.15772694252871688 0.0001260757883732568 0.00014336362547657288 16118.910309475323 0.00625600554229943 0.05083632202894814 8.878851332591447e-06 -6.076443178371656e-07 1.2505687678605578e-08 0.8888875130301765 0.08531593719369475 0.22361222656112803 0.7629136937446149 -0.02998209660978679 2.7484645150340867 nan 0 0.14784917247472756 0.06603426011651065 -0.2661216828311854 0.03623472497693 6.415864599633844
2460370.6346235494 8 11 0 31791.198130003042 2493.2277394638895 4102.98123750544 3370.1968273654115 0.05986063256653917 0.06399188151857242 6.536362611061748e-05 6.469732082972837e-05 16230.363149290082 0.1348445484551679 0.04832348947625609 1.8690303605877183e-05 -6.370386696384145e-07 5.320495582277789e-08 45.56374421622717 1332.157842387168 -8.161971013999207 9.679119462190247 -0.01771752734625074 1.733956299103807 nan 0 -0.0027512283755554354 1.8043970992794025 0.07507617612448259 0.3477189761777105 7.6351588171286675
2460370.6346235494 8 12 0 -19869.411506592147 inf 912.8167740973879 inf 0.011223829982196253 inf -1.1335705589276767e-05 inf 16474.848288836274 inf 0.05479632337765317 inf -4.846837872304659e-07 inf 0.010914966681982795 inf 27.269697855430447 inf 3.4283928453422474 inf nan 0 5.786237597692725 inf 1.761096944990001 inf 6.39267394011814
2460370.6346235494 8 13 0 -18480.273844551975 inf 707.9580075378653 inf 0.0022062825084016896 inf -6.931458878665406e-06 inf 16592.541367049358 inf 0.05233510181052727 inf -6.036109797691891e-07 inf 0.011550328257620783 inf 35.01396252201778 inf 5.550139201832447 inf nan 0 29.533116302442988 inf 2.335346475253248 inf 5.052129306857111
2460370.6346235494 8 14 0 -736.8030112649266 inf 451.9067545141641 inf 0.004927903471158831 inf 0.00016203712607072208 inf 16704.411345793687 inf 0.0496863001521031 inf -6.120064310472634e-07 inf -0.0004527616640557508 inf 9.493790925019098 inf 2.469630680490729 inf nan 0 95.08398083884833 inf 0.32186917142573274 inf 38.249232746971316
2460370.6346235494 8 15 0 -17895.206854059274 inf 2053.3726108456817 inf 0.005896089475607162 inf 2.7253024863573977e-05 inf 16973.4867951863 inf 0.05635564627184436 inf -4.249097134698502e-07 inf 0.001790331009045243 inf 19.33448006727737 inf 2.2088858984334276 inf nan 0 nan 0 0.6176784939043655 inf 6.118937456817571
2460370.6346235494 8 16 0 -17442.336764382402 349.1059255251337 4242.648795097651 425.554868650535 0.03680989984825895 0.013577387595666346 1.3194532736357518e-05 2.53988964096098e-05 17094.62396378764 0.013899278142154994 0.05382812604835943 2.207382283001764e-05 -5.897048250757438e-07 4.491787693535767e-08 275.81553593221946 192039.41523317652 8.358284770153556 1.2196146674160473 0.5511395166182601 0.2790339967545096 nan 0 nan 0 0.10093742150552042 0.042702837523635594 6.470248100279304

2460388.5543983965 9 7 0 -21325.23655528424 282.05363313089464 5532.08575465361 1254.6654995050492 0.3426675450267413 0.07673508790691642 0.0002814187779193672 6.859665487683061e-05 15672.136408246372 0.01158709654422017 0.04949791385353841 1.2159507871506445e-05 -5.36028655886281e-07 1.673343030293479e-08 0.660386089901136 0.13971782770092295 17.554160528634835 4.779938216945626 nan 0 nan 0 1.0986200618784716 0.3232088688632268 0.08151399768156252 0.09984153174805895 4.962146213491861
2460388.5543983965 9 8 0 -3223.179637345405 131.15434265007238 5532.69745977724 294.6056268523945 -0.1270673989647267 0.012789111834255918 -3.792926966218904e-05 2.5094921978136968e-05 15777.187212672452 0.0024266270503488212 0.04698986360125517 3.2441310886639075e-06 -5.905163845410541e-07 6.252547021395536e-09 0.8876288329366225 0.07715961214432167 0.06287387559562796 3.4730509850073155 nan 0 nan 0 1.8971139874906695 0.16429264672518895 0.10404100218137523 0.024702950203702976 4.740289098454738
2460388.5543983965 9 9 0 -17978.4124207781 202.21222868280407 10957.768913835676 2361.064611145078 -0.3332768275585716 0.07073886086218048 -0.00043832520240743363 0.00010266357352903414 16004.48654720791 0.0037753207784312274 0.053303360825832834 1.2350354530643211e-05 -5.54138137906688e-07 1.7922510495109952e-08 1.1272289845856887 0.07620644729044451 2.5227226176530824 1.2611026654150685 nan 0 nan 0 0.5499084875633883 0.14408268022056606 -0.13503196855317304 0.0472016425060842 5.109848575672039
2460388.5543983965 9 10 0 -19828.45268133925 145.02821606683293 16309.061831668754 8420.769574771995 -0.8965526452723591 0.38639458994823156 0.0005336654834149112 0.00028968925248149804 16118.937573229758 0.005218319874904455 0.0508392345053392 8.286792708883301e-06 -6.029011026219308e-07 1.205981239836407e-08 0.6531415285964616 0.10685246179173785 6.454205981891924 3.465349536329036 -0.028996491479301056 3.530661103681524 nan 0 0.1619218565515925 0.08870189636953743 -0.23900306420288867 0.05800498658031805 6.2786585206667755
2460388.5543983965 9 11 0 -23511.789634926285 987.2399990396232 3900.2175580531175 2953.084433994857 0.012389055142624818 0.02504629693439707 3.767025697308656e-06 2.755313809478161e-05 16227.341774995835 0.055699577379237114 0.048325037733353775 1.7560876403280807e-05 -6.674062830112404e-07 4.880366543820518e-08 227.68880777504452 144922.46401940074 -0.0749041018898183 6.083784177073617 10.224193969013676 8.158939258629848 nan 0 -0.0003814780995996109 1.5601216737396122 0.08035404048130781 0.3246876315563563 7.074779753733742
2460388.5543983965 9 12 0 -19057.84954132537 243.27261935791478 674.4873431263428 63.11052086381577 0.011477133926088784 0.0021148550644507595 5.230596824530378e-06 3.918964005543324e-06 16474.917585659845 0.01318268564427556 0.05482629859343348 8.059119307467938e-06 -4.7131754299710065e-07 1.721781918375357e-08 -0.4967735552234027 0.181644542915689 15.191409154212002 11.472056257218867 15.265881624667443 3.639453509571106 nan 0 11.021938941779375 2.422310271470316 2.402800691082526 0.25638799893283365 6.265073146591872
2460388.5543983965 9 13 0 -17027.1791325564 160.32189961625144 1139.896822121969 90.27508478679029 0.014923837572754551 0.003031174007407839 5.522310530625898e-05 6.958703357735357e-06 16592.581357527062 0.008422827245385915 0.052323229313579474 7.743617209481016e-06 -6.308470711210441e-07 1.5145870460290618e-08 0.02692740635532116 4.025792672519568 31.94136157976588 6.100934152828928 5.90210354425572 1.3125067703978572 nan 0 -0.6647200335087158 5.312610852295678 1.2510854052279405 0.1256159236222694 5.375855804629097
2460388.5543983965 9 14 0 1244.5379551883 inf 752.0790835781637 inf 0.004330411669819139 inf 0.00018694037113054407 inf 16704.61656390725 inf 0.04971574404934865 inf -6.909023615237068e-07 inf -0.0012791443651928858 inf 12.2594959872318 inf 4.17396344754356 inf nan 0 -0.23122453044349434 inf 0.6942164856742615 inf 8.779349267211646
2460388.5543983965 9 15 0 -18505.109698313423 193.40182044229357 1872.1844642597937 152.33567709111918 -0.0323567394075596 0.005778295835363317 -3.513208716561416e-05 1.0909809953769222e-05 16973.447510099733 0.009443454387266927 0.0564270365351951 1.0483015435583468e-05 -5.118373693078523e-07 2.104291141351503e-08 0.35298902044195696 0.2006801839200126 21.836603901760753 3.1660266663010774 3.548360611224729 0.646195259374396 nan 0 nan 0 0.6474442494258241 0.07960822640043443 6.205163434022552
2460388.5543983965 9 16 0 -16530.83583476341 146.85492142835764 2304.8366827102823 173.08015699609356 0.0014762751312756013 0.006356517095385914 -2.4337610308397465e-05 1.3501772380161834e-05 17094.68410490851 0.008042092527553902 0.053812761571056335 8.162837940221554e-06 -6.861939583699711e-07 1.6804427255584648e-08 0.12256686362853136 0.30236078974827074 13.204026230538389 1.6733733695574458 1.1979349326587234 0.3335817417434886 nan 0 nan 0 0.3984353065123409 0.054318579449592966 6.234546821526991

2460388.576728088 10 7 0 -20921.312414389606 330.3125146435884 8027.006185093269 2591.1240323942247 0.48861590070139493 0.15706453060454445 0.00028925070836888125 0.00010665033436112503 15672.19428318035 0.013730126167606466 0.049437602875521076 1.64556976954225e-05 -5.172838846981547e-07 2.0487088127593485e-08 0.46248413399379734 0.1698407694862122 7.316796765724834 3.405601839099064 nan 0 nan 0 0.8137044368428008 0.3243173303901184 -0.04408538485556558 0.1015026033670055 6.8893975274659445
2460388.576728088 10 8 0 -3893.9832753930045 124.19002084972941 6733.785001518614 408.34547965250755 -0.17374434289277782 0.01622131914703889 -6.147395299722549e-05 2.9812846088168313e-05 15777.182616313572 0.0022705471686529596 0.046997064067560664 3.1181262828250136e-06 -5.874421373195191e-07 5.942113588456366e-09 1.0893917855316695 0.06372385767656541 -0.11752473116222939 2.883008606624308 nan 0 nan 0 1.6418175586365573 0.1529575086679594 0.03382597994987316 0.02383901812511627 4.6124339135258845
2460388.576728088 10 9 0 -18298.572921911622 217.24346764774688 9901.680843012848 1805.2150472250341 -0.5548938008700791 0.10181752569631566 -0.0004221754960837046 8.849502563454437e-05 16004.47773334215 0.0037822244064635684 0.05328546404186555 1.2545624406331195e-05 -5.441869964161646e-07 1.83439538496249e-08 1.0101581793365717 0.08217768869501892 6.804120173616678 1.9871519332806782 nan 0 nan 0 0.6697480487982914 0.15426800201939903 -0.11121999900479919 0.04433002628438917 5.733009177389049
2460388.576728088 10 10 0 -20001.38435199474 172.48222567952052 10847.878131003908 7426.686357351364 -0.86989365446716 0.5472782149618172 0.0005111166439335544 0.000357445665823218 16118.956570698356 0.005741059261574196 0.050838586307912215 9.899685105087625e-06 -5.928525718328764e-07 1.4082152997609662e-08 0.5881173631805069 0.14134241036568687 13.34584538051246 9.495168688599668 -0.16458022866692357 6.447087889142057 nan 0 0.28233871179159814 0.21334843156373656 -0.18666624531922443 0.11280078709210141 7.8610711694136235
2460388.576728088 10 11 0 83.66909144571602 1003.6135328328472 2938.248646669767 3408.752007518626 -0.06018563071685551 0.06097445986186593 1.6519727479107437e-05 3.1929159874445244e-05 16228.605206993083 0.05688323453767163 0.04834581032886987 2.033839581734121e-05 -4.450736696179665e-07 5.754274988838104e-08 61.837600168007135 3458.3085578212294 0.09451134580755768 9.274932739645203 15.667039031125158 19.205479101115195 nan 0 -0.4400417211405476 2.4898614906526535 0.1985173471751001 0.6345923876031895 8.321625752242564
2460388.576728088 10 12 0 -20202.7834142134 162.2184034734315 767.1865863652476 67.50477288164488 0.03018857900489742 0.0036792659604002196 7.413811606924882e-06 5.495174174050843e-06 16474.873568262017 0.008277911133937972 0.05480665207558713 7.734226119270754e-06 -4.83425105956289e-07 1.4493254804149976e-08 -0.013429881929391681 236082.8367103878 67.8450383375037 23.363723043511193 27.381161380831287 5.690419382452073 nan 0 7.378960510949588 1.8467667533936727 2.0455099032802515 0.20971183891842532 7.714453524120578
2460388.576728088 10 13 0 -16879.27128308136 inf 887.478740725808 inf 0.018484553420855983 inf 5.454992773319202e-05 inf 16592.670369296993 inf 0.052273194749779595 inf -6.778140893630445e-07 inf -0.0035932583312474897 inf 40.51384205133518 inf 21.518140455495068 inf nan 0 -0.03540126479276527 inf 1.652951388609844 inf 5.83871172756363
2460388.576728088 10 14 0 33.512920325534466 133.145689420988 1685.3659640275469 85.04281136855171 0.014388760342031057 0.007729195098008261 0.0004427261109363633 2.292617482513409e-05 16704.418212906046 0.00787407727617438 0.04974114347572191 5.853010603635823e-06 -5.291726967538811e-07 1.19810851040813e-08 0.1484235993377988 0.20811838533736482 5.06815049450899 3.478564660592107 4.0627604488053315 0.5247598699803625 nan 0 0.0703794638580506 16.684341456339727 0.5247679195986801 0.042198080645003896 8.12638558913997
2460388.576728088 10 15 0 -17441.823168586863 167.66344020335887 1955.4735251364625 170.84609353713373 0.009810347946765153 0.005719457491498577 -9.958738038360854e-06 1.1737849658321708e-05 16973.516233912476 0.008934483420543085 0.05641897115985679 9.115297705940298e-06 -3.2588268106441515e-07 1.789529618314155e-08 0.1116151406219289 0.352185549628638 18.44178820002646 2.84149741896154 4.166901387654925 0.7219170808023608 nan 0 nan 0 0.6300293162681772 0.08399568129271653 6.463559486599446
2460388.576728088 10 16 0 -16724.142836385945 inf 2896.274265206145 inf 0.045149554745135496 inf -1.4045712463643153e-05 inf 17094.630924403933 inf 0.05384558320330901 inf -6.09873338268959e-07 inf 0.002555992123124056 inf 9.26121581178216 inf 0.7837899254527215 inf nan 0 nan 0 0.27294363045007614 inf 5.828250967600369

2460388.5990925054 11 7 0 -21170.32237264177 252.16905788573735 4781.228579416821 594.8341452525701 0.29848687426897963 0.03734869281095531 0.00024981723589180755 4.122108770085806e-05 15672.135165293728 0.010190688501305637 0.04947869615490979 1.2726094352040644e-05 -5.176194106857036e-07 1.6600508778548493e-08 0.34138387295289724 0.18581934662205776 16.855009595735385 4.064230478492381 nan 0 nan 0 1.7383869836747483 0.3180041175165654 0.1493549230221161 0.06326326147652901 5.899365731963
2460388.5990925054 11 8 0 -4649.781617465077 152.71978376373352 2696.254736032817 131.43636055998874 -0.06656658451148129 0.008465732747860145 -2.1426805129185653e-05 1.748301173700453e-05 15777.052430888676 0.0031229607901549364 0.04699221689021898 3.89891512501537e-06 -5.990973261595505e-07 7.811237685363821e-09 0.7089831822859278 0.11053438402738022 -0.08295631580325641 5.036311631233677 nan 0 nan 0 2.524113122241449 0.21861875824726582 0.11501113692770916 0.023215821958330378 6.806517260278492
2460388.5990925054 11 9 0 -17931.5355398675 213.78829270562977 8132.834631227462 994.7461019564796 -0.5494166504169974 0.0705991288589692 -0.000429823217412266 6.422897979501373e-05 16004.44989804969 0.0034936155564776975 0.05329193272506982 1.1759865081841375e-05 -5.397566142644352e-07 1.7362420252398757e-08 1.0161243561444935 0.08079128233908336 10.012674149548902 2.127197992194907 nan 0 nan 0 0.9230516203531552 0.15286217103021812 -0.07207972740389224 0.034602949540147865 5.724080563461847
2460388.5990925054 11 10 0 -20111.672663188445 182.84387466981457 5063.631641792002 1588.4448782829706 -0.4509247748826961 0.13669195689057512 0.0002727388555602394 9.509897823576815e-05 16118.943186338067 0.0057719757038188725 0.05084014849683634 9.889080583259212e-06 -6.028672057218012e-07 1.4514386745630693e-08 0.5480380111613329 0.17467997245778427 26.485558529132444 9.709622437546402 0.43559573857295497 13.77140791860107 nan 0 0.7462186604054813 0.29646499655224606 -0.015064286274061103 0.1057119971319961 8.35452960003648
2460388.5990925054 11 11 0 -24512.30404689928 382.36224487150577 3284.861800598268 2709.201592437221 -0.04298447400009083 0.029471204480370928 4.23582173300526e-05 4.755827276606935e-05 16227.308795317353 0.021448535815723882 0.048308026364619054 1.2300270432878986e-05 -6.612420483945633e-07 3.218206298093074e-08 -1.1201414047340101 0.21386592621680675 -0.11198240444216623 7.152210503650532 19.058979930916774 16.909585562929102 nan 0 0.0023819578231777383 1.569775380603679 0.11771123361344923 0.38463101023676716 8.868609980185553
2460388.5990925054 11 12 0 -20629.076662882697 141.31924194730547 845.0320066047419 64.59019507653618 0.037114509894643814 0.0038598892076924626 1.194853889588469e-05 5.758010704470379e-06 16474.837784998974 0.007443534823980787 0.05481006611927051 6.895660798556395e-06 -4.527112589026727e-07 1.2926918122231238e-08 -0.013162938006503762 210342.3705014922 31.337301192563967 12.648806940706312 24.032239229817474 4.2887618818625 nan 0 6.286772849405773 1.357454804612631 1.760541477175046 0.15954214618918008 7.259584980846763
2460388.5990925054 11 13 0 -17826.605366248627 167.45478623892677 1080.0830754062968 86.48701956146441 0.02728697903161443 0.003680065396839271 6.130903413661131e-05 7.496751136522491e-06 16592.587617228455 0.008898602858891108 0.052325085749365355 7.86335989627066e-06 -6.269679277518028e-07 1.5178788417105286e-08 0.017878426484981284 7819.095352668673 39.662327070542 7.5503539524863035 10.958426737429726 2.286525218467636 nan 0 -0.11169461435657768 6.149694322053112 1.2670594642016728 0.12829648857874645 5.95878219000199
2460388.5990925054 11 14 0 -2186.2915105311254 2070.6081410360566 1900.9950540910297 423.18206803068847 0.01508181041410093 0.07468687428492224 0.0008629654424710939 0.0002025903630317174 16704.18006409113 0.08559513725533525 0.049694882501655234 0.00011147906352076922 -3.1513663372151e-07 1.954563299056666e-07 8.880399849456957 44.82579452484976 -0.16045524145500156 13.644558450553255 1.7758840460668754 0.9394877967539009 nan 0 -0.030015727714485352 71.9191286702675 0.001915960326766455 0.07000167297905238 67.26384458631635
2460388.5990925054 11 15 0 -18121.20374337382 132.74953905340286 2203.598703774735 155.09134664833343 0.0038747898771229554 0.006300924156000221 -1.575244806394054e-05 1.3095002329909285e-05 16973.425314942207 0.0064763858229576286 0.0564051817065265 7.923631214662304e-06 -4.1145724478875455e-07 1.446287592625237e-08 -0.01507144449244751 251378.16817426975 20.834275348104942 2.632625345926022 3.793282563872668 0.5765855876464412 nan 0 nan 0 0.4983104293860762 0.05824856749298102 6.394117689290618
2460388.5990925054 11 16 0 -17558.198740627406 120.04791893873697 2784.8659055099038 198.868383305615 0.041611304319752 0.008310991379877739 2.819661738876117e-06 1.5645819694265558e-05 17094.56357438509 0.005838785212894372 0.05382166748608612 7.352166200450176e-06 -6.346358714946257e-07 1.4404069998496045e-08 0.01769058460943527 6328.315886562831 11.398349580477676 1.3290445803754685 1.4247650620017962 0.2840141629518568 nan 0 nan 0 0.2770888264099123 0.043003344732666995 6.099324801543079

2460389.5412027743 12 7 0 -19200.524981507606 247.72529168181222 7009.394268185489 1578.4778938625318 0.39056267617307067 0.08778730842709451 0.0003509936041970299 8.503531870478026e-05 15672.202285391952 0.011071164773519639 0.04931400016979027 1.2976099454138299e-05 -3.784182320085564e-07 1.736277494276984e-08 0.9453135201607791 0.11169218740592401 6.879002839973635 2.3118263697813504 nan 0 nan 0 0.9056230320032601 0.25335847236568626 -0.02853513714208884 0.07432465473267362 4.5461760462324525
2460389.5412027743 12 8 0 -3187.715885371018 109.4630572478242 4733.687220707081 206.326002840469 -0.07459500563121758 0.009698735624089004 -1.2920004761231228e-05 2.039227474543965e-05 15777.183387476693 0.0023312324395521043 0.046979857073067594 3.032176637259356e-06 -5.862683333045424e-07 5.941871616194145e-09 0.7044244103225422 0.08139505601787506 4.648760633130589 3.6849191228256744 nan 0 nan 0 2.0970865068146805 0.1554762975885344 0.1563456123674819 0.022523375426034192 4.511463706125241
2460389.5412027743 12 9 0 -19983.45050135369 186.67480449511592 8855.219071003912 1462.8564348042462 -0.12253718918846253 0.025683806586998256 -0.00029628426220536437 5.819403659917727e-05 16004.486684170819 0.003320015968724196 0.05328793062715449 1.079349497794702e-05 -5.612034892994948e-07 1.5473333274365455e-08 0.9683581641706914 0.07156544232661988 -0.0736012746707635 1.167884780793268 nan 0 nan 0 0.6359513288775902 0.13114927467500945 -0.09322688017783454 0.04312381687651477 4.502822903077319
2460389.5412027743 12 10 0 -19910.18460105303 134.75265725469475 17678.835331187634 7012.125389069855 -0.701240372122174 0.20927226838073976 0.00029130347465943494 0.00014373488308648403 16118.929302241486 0.00474334765614514 0.050838196529206583 7.1285181766139315e-06 -6.27893408754607e-07 1.040108909099931e-08 0.7244860284108281 0.09049296972891026 2.022680218893243 1.054003075458396 -3.3663384199932236 3.2244885203711307 nan 0 0.14170691234297209 0.05918549799518029 -0.2514827393200287 0.03960488038088299 5.239792057336321
2460389.5412027743 12 11 0 7514.5826504536535 1934.1720962982677 2809.715545443467 2877.6279138034524 -0.020720474030841252 0.016637472926326946 3.1073352848458065e-05 3.800118711022178e-05 16229.063001884613 0.1058529666395988 0.04829452880091865 1.6618614025211782e-05 -6.104026570829725e-07 4.7396304073349964e-08 54.03995849979719 1991.9009231712562 17.643792109673456 20.25093235277316 -0.00524234866806525 2.3344864016280824 nan 0 1.5799969999526553 2.6491272682565503 0.22435987374270064 0.5865551948414031 6.836327938694593
2460389.5412027743 12 12 0 -19631.059238102353 653.726803619448 873.9256657389546 87.31764689157936 -0.001188619686117675 0.0025609956804880283 3.3103113288156926e-06 5.32913903957515e-06 16474.87908439453 0.03279376533985623 0.05482389452513191 1.7003241028114564e-05 -4.535323130093882e-07 3.669451624099509e-08 133.6506778816627 27265.083054755225 -0.36086159721218136 8.394423814216529 10.538074126145824 3.0043367567308654 nan 0 5.749258007601722 1.5061650084149236 1.6924910798411397 0.20307386608570135 6.621343441404622
2460389.5412027743 12 13 0 -18046.782630349637 inf 1218.1340661042757 inf 0.012288352674940372 inf 5.734264838283192e-05 inf 16592.59210446296 inf 0.052310224485615016 inf -6.394629606018679e-07 inf -0.0069390870267597715 inf 5.728434394181069 inf 2.096965350900645 inf nan 0 -0.2269048737789354 inf 1.0229508905109337 inf 5.171589371531151
2460389.5412027743 12 14 0 225.27944328992666 169.9816154954617 1404.0482566905237 68.44104780112237 -0.03287267730645748 0.00583050195460113 0.00040164842686856805 1.962997609252497e-05 16704.480838785643 0.009917206125525883 0.04972147840630991 7.93283074801721e-06 -6.70233925885145e-07 1.6087979200707148e-08 0.82058107392011 0.13265945837824616 3.181164947529207 3.524904557900228 6.062905922073938 0.7585777002299058 nan 0 21.776248803381577 18.510918055997067 0.6143423226316154 0.04515632259852488 7.30880448735732
2460389.5412027743 12 15 0 -17656.47764465837 146.63659360248292 2132.001657189001 210.63921573692878 -0.053309776354967774 0.008282619013644273 -2.0246998723260443e-05 1.3295128703418749e-05 16973.493133140204 0.007741208601403883 0.056408833084837254 8.607755676210284e-06 -5.393967630807564e-07 1.6269821226990988e-08 -0.02233183935956329 46.4662842419514 8.276720041923172 1.3407637307813025 3.9084646207781497 0.6472591718119921 nan 0 nan 0 0.43807685075230296 0.0759469725856923 6.716695950151186
2460389.5412027743 12 16 0 -18521.221645282058 563.8647759106658 1800.4562396436459 376.02606188916957 0.016628101324067324 0.0071013221442214535 -3.00558524831063e-07 1.1464337122331084e-05 17094.628114344727 0.026802878482445724 0.05383466236884403 2.6849685271467887e-05 -7.144879362383244e-07 5.6871225235882327e-08 116.76302842383261 17614.90556391515 7.849223582601637 2.442156525145062 3.0509274881161312 0.9462533000538226 nan 0 nan 0 0.5064119116180288 0.17363777840683903 6.813614039745322

2460389.563621191 13 7 0 -13374.892672465674 232.5154528372424 8629.077107429932 1720.5641751201113 0.5825266874198037 0.11548765706302608 0.0004999387496242042 0.00010741704512304245 15672.289732472182 0.010640152771813155 0.04903096244575711 1.3847119273610507e-05 -2.0478482360879404e-07 1.828959728509174e-08 1.2777759227451755 0.08980226523963611 0.654038713036054 1.4120898611964305 nan 0 nan 0 0.8979493636306595 0.2226494321244621 -0.09977811570387193 0.05160543925378982 4.818404352913927
2460389.563621191 13 8 0 -3900.4041042393187 105.64717568092193 4868.182240747877 216.11093691474426 -0.1104181540917928 0.009982290480535942 -2.3460844893305857e-05 1.9907854851943662e-05 15777.180593717443 0.0022111966513857916 0.046984028500995215 2.8774243371158113e-06 -5.884239103649483e-07 5.604458953052484e-09 0.851130128446844 0.07033048180111218 7.887868808121007 3.3713191414704213 nan 0 nan 0 2.0840419371264085 0.15506879924831365 0.12958898426414386 0.021745867723377846 4.280637593683722
2460389.563621191 13 9 0 -19776.28141238799 196.2715977468267 7428.519530387706 972.9047902093445 -0.24276282516230857 0.035073456561981346 -0.00028817924171819825 4.719447788297573e-05 16004.492446997436 0.003349889653321174 0.053270682776606716 1.1047139232009608e-05 -5.375259828423235e-07 1.5973259437560144e-08 1.007351550077827 0.07553045013379978 4.106501208936705 1.5040794916716553 nan 0 nan 0 0.8110965385511835 0.13912946775950458 -0.060609726385161225 0.03850995947193676 4.733171237298984
2460389.563621191 13 10 0 -20016.932722871083 129.9046021061158 14604.505303752198 6687.535983626123 -0.6768659966283406 0.25045724566528127 0.0004770616690620499 0.00023041425221662906 16118.935873291362 0.004550832036112629 0.050854199943081005 7.1824874853577195e-06 -6.060397161005936e-07 1.0408429999444339e-08 0.637817221224351 0.09286188720984881 1.7079896036557747 1.1451462524533573 -9.086305510036519 5.799470398402448 nan 0 0.16959619563813955 0.08255578942722676 -0.23769086920549837 0.05204466814635666 5.563578206099354
2460389.563621191 13 11 0 -33793.18340419204 799.9527919958605 1452.3779849190591 2137.6629881813637 -0.005405319589611042 0.006842125299919547 1.749103481728416e-05 2.9645233671883304e-05 16226.812362864595 0.04193611071871462 0.048299529729527425 1.67432729419742e-05 -5.669147034400624e-07 4.577599988623984e-08 228.69263328335694 143451.9900089054 -14.928208824229785 27.235212122716923 38.742506940054376 64.3319563995635 nan 0 7.350787662046249 12.151520243652358 0.6973376423403438 1.5402856970594918 7.135317501398272
2460389.563621191 13 12 0 -19662.027743902006 598.989878923007 926.3734684593235 80.42219924734943 0.024727928673364364 0.0032817985092310617 1.927415735607811e-05 5.7974576383203375e-06 16474.88494692028 0.029964588875142157 0.054804898225020944 1.603497737618635e-05 -4.3809489315136186e-07 3.485521629589588e-08 287.8500403428915 263584.1990618976 15.382614386847745 9.028862951759308 10.692230128725555 2.642700485066064 nan 0 4.788871508977174 1.2084920950515272 1.503648521688366 0.16005873080660474 6.386382543544319
2460389.563621191 13 13 0 -17853.70793433709 169.1177512102345 1171.7764700383216 80.9689679768471 0.02231827485163977 0.0030187538769489634 3.576047652283278e-05 5.75040808957643e-06 16592.600009106718 0.009100125339499592 0.052308673431346604 7.282345076766116e-06 -6.24381476517547e-07 1.476349541327599e-08 -0.10003512375788728 0.4077329627243395 10.370806824074226 3.5059565502572267 4.60808762386118 0.9149703234460028 nan 0 6.24756622336198 4.787378347349411 1.1204131032076228 0.10051370621733872 4.940351678008521
2460389.563621191 13 14 0 276.8878297710556 98.17480894254237 1442.2715549086934 61.299747937136566 -0.0030933001833594047 0.0055871798775416585 0.0003954933192577002 1.7559896518759013e-05 16704.472235752568 0.005855392852718445 0.049733367312411646 4.576026507019282e-06 -6.377708058764515e-07 8.949963173753816e-09 0.07593308456816476 0.2526143991041811 7.457045327615213 3.394213537961331 6.324724321241939 0.7027799095783723 nan 0 25.438895944705518 16.661410654107783 0.6222543841516622 0.039707532918762486 6.8707185174373535
2460389.563621191 13 15 0 -18630.52356262863 145.2566068257012 1447.6058178075439 146.72332896021342 0.0022912208430019227 0.00378025291584012 9.655433701575116e-07 7.892778353667607e-06 16973.5280937746 0.007107139841369928 0.05634216753275095 7.967912593839803e-06 -5.035259497184213e-07 1.5634892077468534e-08 -0.012117261941018774 5371771.383714792 18.774227111502935 3.3179721152550345 3.2878068918305807 0.7423298667021124 nan 0 nan 0 0.8849324657723752 0.12324544388755185 5.833322433154412
2460389.563621191 13 16 0 -18166.752329645995 433.7163912496154 2587.7203251495157 378.17366505516543 0.010761417346930507 0.007848708728545956 -2.3103102668637205e-05 1.6015855631815232e-05 17094.625416152398 0.019544646961446907 0.053824040877995596 2.3808993248784357e-05 -6.93707662294114e-07 4.972158923914311e-08 173.64883993797034 52055.30013152762 8.074165264766307 1.750306010795038 2.1778748746068923 0.5522601518032448 nan 0 nan 0 0.31110070371392257 0.09295239777165389 6.307406003622621

2460389.5860411385 14 7 0 -19524.632677264428 273.1000171841305 6232.702247872402 973.1323048448464 0.4217789218070134 0.06525775236123438 0.0002873411363135157 5.399113575970832e-05 15672.215356421031 0.010936767183930388 0.049295785502934154 1.4101721373356695e-05 -3.7210943788181083e-07 1.7490459535676223e-08 1.022286326393073 0.11392685317231642 10.087316085663563 2.5859586533354393 nan 0 nan 0 1.2956029237749103 0.26940867776868765 0.0033554933284595614 0.05654791696539071 4.88347983046421
2460389.5860411385 14 8 0 -3519.7006184260326 103.09445416903067 5676.073553253477 274.0749084452993 -0.13664782091222002 0.012219792429061868 -2.7912403463771544e-05 2.382669856693295e-05 15777.181057159452 0.0020399242107482537 0.046987735109808235 2.754847284584663e-06 -5.788563421211337e-07 5.282440644429839e-09 0.8825316916175729 0.06306259115438166 7.050612147480976 2.917252340422729 nan 0 nan 0 1.7682286832231413 0.1358950332468027 0.0556402843420319 0.020055458280292236 4.404830946651422
2460389.5860411385 14 9 0 -20055.131401021972 197.9691780695254 7917.784905249777 941.8180573610807 -0.4037455959025926 0.05061899814483931 -0.0003528358706342945 5.18923222089179e-05 16004.480914047488 0.0031353405312239805 0.053273052275422304 1.0706211317848032e-05 -5.413471976810376e-07 1.544321157604404e-08 0.9616682098017026 0.07120271413273072 3.3960802162953487 1.38673445783469 nan 0 nan 0 0.8300955601315153 0.13005911995195749 -0.07699697998040114 0.03303357849371002 4.796247987907857
2460389.5860411385 14 10 0 -20098.01696941708 119.78066825090684 3514.3121751895783 563.4519238867188 -0.22450773056959908 0.035681147178681066 0.000168696906708846 3.4858907364765406e-05 16118.951463690471 0.004152746485982511 0.050851961662513906 6.741924275592133e-06 -6.061292182471946e-07 1.0452072085904624e-08 0.2725027081014386 0.19508319122533604 10.965515204218589 4.696130445184911 58.16700074972469 18.272254202686877 nan 0 1.0162725423900436 0.2258747255569438 0.12145215076588226 0.07601974447947145 6.388913161046345
2460389.5860411385 14 11 0 -33865.68803183826 638.7993250675589 424.80171684931196 52.156933248180835 -0.004991241019207358 0.0017079239952842331 1.3513076619213425e-06 3.1422515470968693e-06 16226.823979458946 0.03072751661216997 0.0483203621399386 1.7141172838092844e-05 -6.512692274926075e-07 4.587790714261156e-08 376.40391706990914 659286.137305591 49.02810168422665 69.69757525661703 819.5779474964806 277.6664297775329 nan 0 39.78509001541359 23.943642549513463 3.280219802409651 0.4472043936628408 7.650294296008735
2460389.5860411385 14 12 0 -20037.599436465516 552.8520593418834 1046.781613230531 79.8538219360245 0.03560601100957342 0.004066397483528327 2.110074235908441e-05 6.951400304662966e-06 16474.861998937256 0.027265503021025515 0.05481273617822004 1.6741633428146186e-05 -4.0970889189080193e-07 3.6320205938313525e-08 274.36318105929325 240445.40204028072 15.864230713676006 8.56227243157966 13.352666497527254 2.810616763024644 nan 0 5.994544784273055 1.2541669667321107 1.2616909539195127 0.12220166303532706 6.909175151477719
2460389.5860411385 14 13 0 -17721.003476394497 161.14755153993414 1177.2831204828808 83.18253804915341 0.02534654619672033 0.0033147360326640507 4.364435078180365e-05 6.34316844954817e-06 16592.606382336104 0.008557986205610756 0.052292103046767964 7.126713082185922e-06 -6.501743222544886e-07 1.4025981054673399e-08 -0.01994287428411827 473.55907354717135 17.825859457627047 4.122324703583224 5.127829892288976 1.0195185680253505 nan 0 -0.12011926054190841 4.6029391563406845 1.0774235921049595 0.09975791504343309 5.272146185475088
2460389.5860411385 14 14 0 -381.45411632499355 174.7003565465176 1574.6051230652577 73.43664811156674 -0.0011577704421529941 0.006734945529419104 0.00046060932704069634 2.173439138194918e-05 16704.438081591576 0.009910630368025433 0.0497242780749794 8.391328381094977e-06 -5.972890629259096e-07 1.6944174233541994e-08 1.0051024735665315 0.1376729205527336 11.18769581299158 3.7962884428172274 6.17908004419572 0.7436621986249162 nan 0 39.35956182283994 18.518517439151903 0.5380336938812653 0.039642869281554714 7.455153859576535
2460389.5860411385 14 15 0 -18420.00184682647 144.8675673466435 1416.3681362809696 103.65480674919911 -0.006965853405946976 0.004047224809874983 -1.695490997343525e-05 8.38896931183716e-06 16973.506318069514 0.0073452092496144854 0.05643620756795965 8.025897277240344e-06 -4.853948491650407e-07 1.456761979904581e-08 0.015904375319864664 154997.41476157392 36.374971755636665 5.345297833396685 7.032914138360835 1.0788838445902276 nan 0 nan 0 0.9007498758828462 0.09009715126425576 6.359981576270533
2460389.5860411385 14 16 0 -18125.016791847 inf 2625.2824526409863 inf 0.0268152151351179 inf 6.691772975226369e-06 inf 17094.611503928423 inf 0.0538463971182073 inf -6.588796020413408e-07 inf 0.00855454712112734 inf 7.756337218910347 inf 1.7195522474907161 inf nan 0 nan 0 0.28330722585146123 inf 6.180443867856165

2460407.5280451253 15 7 0 -19626.90327317576 251.63825560891135 5626.4525289341145 1589.424353183536 0.15668140565060754 0.04569059048837467 0.00026132144532956577 7.859862810696945e-05 15672.12683956591 0.010997770757152877 0.04949188755645355 1.2764516746263987e-05 -4.991514667837336e-07 1.627945492554878e-08 0.5870464546182367 0.12097618764509163 -3.015764360307016 1.79536534507766 nan 0 nan 0 0.6911111800324587 0.23357159279550962 -0.0754518906880607 0.07994907887422319 5.0341213246107115
2460407.5280451253 15 8 0 -3122.4299871047037 114.68861697176386 3128.9096182296985 114.80526985035797 -0.047904541455671426 0.007176014851597367 1.8546184523031032e-05 1.5353965871683344e-05 15777.176775248981 0.0025019026182481704 0.046992505053422964 3.105028951163298e-06 -5.866157149120651e-07 6.225974980288682e-09 0.5697040456276201 0.09698500340043735 0.12916275321612947 4.215637269921536 nan 0 nan 0 2.5185018825033816 0.16681118772583958 0.16837303306022355 0.019433986861630823 5.127372983943899
2460407.5280451253 15 9 0 -19110.406484719235 282.9974283295676 5558.079888467956 1298.6229473848916 0.0003912625612097077 0.018137478320453572 -0.00010387256143374744 4.065086884781405e-05 16004.428422641555 0.004732571568947823 0.053341082726441405 1.6082015867989553e-05 -6.208283288382456e-07 2.2764648373202282e-08 1.0457837422944765 0.09929069010502865 3.1558119110929495 1.7803155892661158 nan 0 nan 0 0.6305894087025481 0.1834592238002851 -0.12223070920238907 0.054210526067022445 6.854089329657133
2460407.5280451253 15 10 0 -19100.14801960857 128.36136360570546 10089.34128160911 5859.455250199428 -0.18373566127908367 0.06711335392773729 4.944568495500428e-05 7.341716624405828e-05 16118.935248175483 0.004631036728945232 0.05084835737386029 8.449026984045696e-06 -6.135444396326836e-07 1.2329523933153964e-08 0.4707118902628954 0.1097984807660249 2.2835661980751305 1.784717802424695 0.10033473387629394 4.400266345957572 nan 0 0.209105769947002 0.13128625611524647 -0.22334597682207888 0.0743557900346794 7.116206303819267
2460407.5280451253 15 11 0 10597.538861338975 2552.9987613517133 3440.0733166909117 2749.1366987804404 0.027845206197352992 0.038867821126085056 8.510483747143984e-05 7.69559511455156e-05 16229.189418758275 0.14069146877669678 0.0483312194798983 2.2337881796734674e-05 -5.61320527583702e-07 6.358895241511973e-08 79.28131209790423 8529.969554603802 8.121009454108224 9.309921937413236 0.0017770627010156304 1.7757668465120593 nan 0 -0.2262619542773734 1.695274236700569 -0.010900467606030332 0.2696609851443018 9.189424546326899
2460407.5280451253 15 12 0 -17913.352852627002 719.8533852503083 793.1069162282553 98.26058451600363 0.009779515128195174 0.0031173134041160597 1.999335046384035e-05 6.564743090865223e-06 16475.0130919601 0.0356070808733391 0.05481707229588429 2.058270027941357e-05 -5.482788404103804e-07 4.458680037670962e-08 283.63208122022894 310802.59915387304 8.280505207892737 9.27699620270547 3.4735438382634904 1.2410998150001773 nan 0 5.742072230246106 1.577894504442321 1.297839630346866 0.2024900224411055 8.227676045189746
2460407.5280451253 15 13 0 -18777.919092697237 inf 998.3450412079441 inf 0.010713321897695619 inf 9.030403494124173e-07 inf 16592.56252433841 inf 0.05229094279756923 inf -6.643206802293635e-07 inf 0.00833757158979894 inf 0.9634247701227099 inf 2.192570152763801 inf nan 0 4.154720767700375 inf 0.9525362921714046 inf 6.513988267166533
2460407.5280451253 15 14 0 789.6036846476082 inf 1103.6053489525775 inf 0.00261020387468127 inf 0.0002859819259784036 inf 16704.534933826977 inf 0.04972232279741543 inf -6.928348886172136e-07 inf 0.0026723774278520768 inf 0.05736164963560415 inf 6.142890308393974 inf nan 0 43.28517527024147 inf 0.6804346174728908 inf 7.922797160118248
2460407.5280451253 15 15 0 -4507.0357376016755 inf 1959.243094276368 inf 0.03063521058876328 inf 1.0107419426189699e-05 inf 16973.481466090732 inf 0.056308873694547505 inf -5.508613887138629e-07 inf 0.007550574667203741 inf 9.343646190746252 inf 2.7784270641317375 inf nan 0 nan 0 0.3765570967615259 inf 7.9733668676892036
2460407.5280451253 15 16 0 -16790.180302925917 544.3359319824422 1845.196022359087 339.20273451893297 0.013873442965194077 0.007181265996072209 1.317988045250548e-05 1.2786324355976603e-05 17094.640081756337 0.025106038475552598 0.05383485342399431 2.8975255848926e-05 -6.06252394038301e-07 6.116807342269624e-08 617.545573754562 2968548.4542819466 8.245459009841472 2.2489284255815876 1.4295983998427493 0.6024729282774474 nan 0 nan 0 0.3581487195125265 0.12556328863453556 7.489787403633043

2460407.543523071 16 7 0 -19069.06759305749 283.5483067764111 4312.679994096735 821.2133555444527 0.1492806715463238 0.02905974404685041 0.00024477174862784154 5.138789624390122e-05 15672.150096575611 0.011863812677520194 0.04948811763618998 1.4552025344988494e-05 -5.413428811276573e-07 1.8316032355361384e-08 0.8859512205550057 0.1261052269413865 5.907770690049879 2.4399945722005905 nan 0 nan 0 1.1696945788657 0.290903663975668 0.010332219747717423 0.0702773289078904 5.1678146007736885
2460407.543523071 16 8 0 -2895.544267507017 164.17670798125073 3835.164811261371 253.65693262793047 -0.04115000396038296 0.009945915661632184 -3.3056858235595062e-06 2.131088614317232e-05 15777.176965049885 0.002971800839943886 0.046990665087146534 3.996241665041038e-06 -5.892522179427344e-07 7.700745997899973e-09 1.0934233877581576 0.08817451726249644 -0.08623562936687579 3.9797453750819307 nan 0 nan 0 1.9267164043480454 0.2057166826720346 0.06821005032827268 0.028308048244360454 5.819585646788123
2460407.543523071 16 9 0 -8573.196408699503 260.74265784397716 4613.727860271856 413.262187156629 0.10240887742762944 0.016786562430282013 -5.7436334125317736e-05 2.8334150666282825e-05 16004.495135323023 0.00404804386336742 0.05313515349707026 1.5113838151209543e-05 -3.1996098129269014e-07 2.204502357318839e-08 1.304698327403516 0.0907564089498565 8.219450923498535 2.442199288653305 nan 0 nan 0 1.4383486518801247 0.19561630588653936 -0.011873536014716498 0.030869659430146162 6.647010615403724
2460407.543523071 16 10 0 -19277.3877281624 157.22848362167437 12309.581193210497 6573.269721931353 -0.029005576392624344 0.06410090985220691 0.00024839810461585926 0.00015712147569006847 16118.931378959252 0.005138336384891425 0.050829805551659744 8.866718258844473e-06 -6.300434124650391e-07 1.2828209714106362e-08 0.7017947736871621 0.10563436553824115 0.03840459438210336 1.0376097464838139 -0.3394621990519143 3.7554268968065787 nan 0 0.19352889669864803 0.11054387429496809 -0.2438405074907714 0.05741418712516847 7.036041519578033
2460407.543523071 16 11 0 1324.6018359947905 228.2035115623915 1847.3784521125485 2030.6279848855688 0.042487661486982936 0.05200957374709845 2.6030423762825533e-07 1.4739972041531363e-05 16228.706702807138 0.01335147874010726 0.04831809486688404 7.619482488458005e-06 -6.219121286573951e-07 1.6934419175231224e-08 0.0168224917959551 73696.848508273 31.884359132299238 38.28188540267048 0.17279071459039402 2.554131045098723 nan 0 -0.015393320536034927 2.1192409850393905 0.3241368349234532 0.7392937793213782 8.407228375479907
2460407.543523071 16 12 0 -18695.94466883647 inf 961.6484428187246 inf 0.022235903234297406 inf -1.515236155722556e-05 inf 16474.91675507034 inf 0.054816899699213585 inf -4.482529456239278e-07 inf 0.006601432353632142 inf -2.347098832463922 inf 2.7119037866117277 inf nan 0 2.584535852623197 inf 1.0734891128398796 inf 7.566187100422115
2460407.543523071 16 13 0 -18266.078252466763 181.415410658754 1069.720635840597 82.37810431819692 0.006356662304059652 0.0029287619861704424 -7.218362087805908e-06 5.965529428956427e-06 16592.572271900797 0.00924510828664467 0.05231979787647384 8.444370431911344e-06 -6.463290208917262e-07 1.67634380964744e-08 -0.012269875051053147 2257551.505737073 5.419158561648368 3.583099250881254 2.552883337547655 0.6557243849562543 nan 0 5.507107964921064 5.228440788636791 0.9687363941930711 0.10030898536081259 6.038522436009159
2460407.543523071 16 14 0 545.9776630073525 173.3409054170712 1180.2964875645919 62.76559812968018 -0.007382528807586611 0.005094347880958999 0.00030921174925797396 1.659267740110058e-05 16704.504677075976 0.010166057317467612 0.04971802165165902 7.987658449266045e-06 -6.634483823186803e-07 1.6155189652269856e-08 0.6819949427500854 0.13750961204213205 -2.353494844113233 3.7351906207524093 5.415712953211761 0.745139339076776 nan 0 24.38995631285351 19.867962168884745 0.6378782034061902 0.050496756706011496 7.714437842580684
2460407.543523071 16 15 0 -17818.893576953564 168.2447734425672 1766.2694874385475 182.24278884400525 0.013291718703135388 0.005813338810545374 3.367307492617623e-05 1.2797902938167794e-05 16973.4879908916 0.008552584255166303 0.056349706100222205 9.576811761921821e-06 -3.123206360026205e-07 1.8549820573820676e-08 -0.018568262537278182 2566.359536129277 10.965632047358975 1.8105093352132848 1.2555523772414472 0.4686127739718839 nan 0 nan 0 0.46192438037927175 0.0817766976847971 7.099930783486222
2460407.543523071 16 16 0 -17392.687924924423 149.80095187896703 2567.7983336496886 285.2573940968712 0.024512455588518615 0.008761789270499084 2.842797700763313e-05 1.6319177102857157e-05 17094.642383189173 0.007528401446872423 0.05385447555476283 8.469424919964301e-06 -6.748367566180276e-07 1.7365013734825763e-08 0.01935854771275837 827.8035974888268 5.148555638411616 0.8233510113605882 0.8746547092866964 0.26077248932189667 nan 0 nan 0 0.17325049620729285 0.05530428203449789 6.858519469323548

