BJD n order chunk rv e_rv norm0 e_norm0 norm1 e_norm1 norm2 e_norm2 wave0 e_wave0 wave1 e_wave1 wave2 e_wave2 ip0 e_ip0 atm0 e_atm0 atm1 e_atm1 atm2 e_atm2 atm3 e_atm3 bkg0 e_bkg0 prms
2460696.6456115656 1 7 0 -4583.800996106012 240.20412369261408 3758.935948056702 1577.9906079818675 0.13291025051195454 0.05841678391103464 0.0001933624262114584 8.428414979286696e-05 15671.271951101906 0.014797708841131407 0.049599141385494594 9.580863055839462e-06 -4.3667355281675536e-07 1.8921965765309032e-08 1.5369990378318992 0.1414022389536285 1.2233166146929824 1.3640699222472483 nan 0 nan 0 0.4412874056349335 0.2084711168211566 -0.1450191773214722 0.08956620293055856 10.401445972786176
2460696.6456115656 1 8 0 5822.273547333813 175.04874288979272 8913.129561826863 3588.7809242689696 -1.3243915959750048 0.4887778421723003 0.005065938245960819 0.002027036822452666 15777.260029184707 0.006875536200722708 0.04697844920818326 1.0461052400873305e-05 -5.739591775635298e-07 1.9680620544427278e-08 3.0269917005453744 0.1942512758365534 0.6721242331645501 1.6581729698718477 nan 0 nan 0 0.2712316007003152 0.11997106590848389 -0.2712418868553808 0.03455337693029391 16.875864272693022
2460696.6456115656 1 9 0 -4018.859289859555 138.8469779255423 6557.673684115564 4581.679936808931 0.3014396941706653 0.24162793213165312 -5.341583647841328e-05 5.2548120343887036e-05 16004.586171442137 0.005734640675422346 0.05336609999539898 8.755690067450754e-06 -6.824331700398655e-07 1.520604423480867e-08 1.0882142430436266 0.10298257565294688 0.20126291346451325 0.9852015624193039 nan 0 nan 0 0.21016297954715024 0.15946666068065732 -0.2217259425573192 0.09213331677601597 12.147557669978234
2460696.6456115656 1 10 0 -4073.3698722972617 140.23001802620038 5041.699155003974 3201.1761569115806 -0.036411203352303294 0.015580852933090333 -3.1852723293713835e-05 3.642997438537409e-05 16118.871512389962 0.006324099198734058 0.05075997398644915 8.105625888453434e-06 -6.027418087808938e-07 1.3711613684507734e-08 1.1458892555799027 0.10828338342762595 3.0085004225789564 2.471955512850972 10.156639333074505 9.497296532620629 nan 0 0.2836419560750447 0.1997898880367873 -0.17388856586768586 0.11273184556820182 13.541721620133048
2460696.6456115656 1 11 0 -3080.9466304852594 1260.8310751300764 3258.374900728565 1196.7575060175502 0.07336263835576953 0.03475019949716589 3.4744370223141374e-05 2.2840718112814372e-05 16227.599122814747 0.06895195266656985 0.04828954076698763 1.2866107480105494e-05 -6.253745219995578e-07 2.7329554188894472e-08 3.24612484970812 0.6278324783460549 0.12894009853235033 3.4389550280671193 -0.0014527857238467723 0.93240892133756 nan 0 1.5331988458470303 0.9528334390788935 -0.06064044561719316 0.10568891260838048 14.117377869139833
2460696.6456115656 1 12 0 -1317.404242776606 316.12200303402005 757.2665423187158 49.19895276384017 0.02203552412527563 0.0024989352099814713 2.4619332243841938e-05 4.615854990908067e-06 16475.127591306125 0.01676903537976569 0.05476485333329588 1.0753348676142182e-05 -5.868269259071424e-07 2.3240199080228402e-08 2.338590126423256 0.2475291541554895 9.381910141231733 4.802932519950849 3.45720550460252 0.6572001147548371 nan 0 2.2412954066852286 0.5527755759048211 0.9320450331881873 0.08242883786659036 13.678499265388952
2460696.6456115656 1 13 0 -360.97135224253446 419.476042069551 387.31942789097997 41.941761308307115 0.003746916424491369 0.0009115309442396077 -3.15018833433628e-08 1.709861648543214e-06 16592.792372280335 0.023049408970752132 0.05231111005568052 9.840592586008938e-06 -5.519611620443728e-07 2.1272880763474437e-08 2.5159044849276144 0.2825496446299183 -22.44426087673866 7.4297481948532 11.841463947499662 3.54716940546019 nan 0 29.692653072691915 11.987867966033766 2.160676480156658 0.2704364464195563 13.896805490634675
2460696.6456115656 1 14 0 -2159.8473259953594 343.4465611753587 579.1069703839 47.189705196174366 -0.0014486378611811349 0.0015807374913979959 9.103368372455841e-06 3.237401022509282e-06 16704.569701349774 0.019238503978581376 0.04959626236087562 9.469367664315643e-06 -3.724365402442107e-07 2.0438473293574545e-08 2.9945531879128007 0.41700130773126165 6.08614064355412 5.39325563499984 4.898674084764756 1.0212387217912902 nan 0 -0.016931528879891578 32.682504968662414 1.4211559673683754 0.14146504804861698 13.90125136301572
2460696.6456115656 1 15 0 143.81345641288505 370.6780861719778 957.1114481877795 117.87136501644562 0.012196627452436125 0.0027481082899025507 -2.4948423295233587e-06 4.806244037106574e-06 16973.81920255215 0.020466587779324 0.05642535589954048 1.3950567239179297e-05 -4.6325148583692637e-07 2.8585769859022078e-08 3.5849285161966105 0.5948674187990853 13.97945322200701 2.760692233868189 2.1019255916157986 0.6394134592683932 nan 0 nan 0 0.7652497286993026 0.13504247399335337 12.963792605621006
2460696.6456115656 1 16 0 -1241.1441404871712 244.89152840544472 1245.2872585195332 165.59426067693164 0.00787884289194947 0.0029636849999471826 -1.9047698508601335e-05 6.204557704018261e-06 17094.81591689678 0.013132145166307738 0.05384961916906437 8.588561236201686e-06 -6.5804534953484e-07 1.8108439046625475e-08 2.258249621208633 0.18240852086461035 7.669144844880296 1.4802574381706257 3.1589747703781215 0.583400120924218 nan 0 nan 0 0.4958063305897908 0.10908064505972151 13.772664596544459

2460312.5616805987 2 7 0 -2001.054968311874 344.1009661996106 2542.864330896792 1346.4388526164055 0.09490294751820556 0.05203866287382094 7.98297226080731e-05 4.5413509349987854e-05 15671.419949147867 0.01840388112764592 0.0494720340664738 1.0377661002610432e-05 -5.47170688366478e-07 1.8387709585833605e-08 1.1981574746132204 0.12341073033243218 3.810544151012312 2.6222017644740188 nan 0 nan 0 0.4505332948108618 0.26779258823062474 -0.1180670395553562 0.12724027427263349 11.165675397177825
2460312.5616805987 2 8 0 3592.3737574066154 339.9739026055601 1816.4304358211543 652.9289117432622 -0.22214484342597102 0.07741997365049191 0.00108095942507043 0.00038712234931162026 15777.345580143545 0.011445209442280781 0.047030418209926705 1.542949285375872e-05 -6.364500465005649e-07 2.9337571486100012e-08 3.761423764806852 0.7003209979011866 0.1065602930023789 7.498816608539329 nan 0 nan 0 1.091639090509446 0.5331916891825844 -0.03340390327267343 0.11659078004667647 18.075630106333147
2460312.5616805987 2 9 0 -1390.3973616226078 232.95843503797397 2792.9696148661646 1636.9488117863186 0.14482399675259267 0.09085551346300026 -2.320860007958133e-05 2.1665280565511084e-05 16004.542997764389 0.007359380252232155 0.05324253076565998 9.004843565095315e-06 -5.001852751988997e-07 1.4069886558366911e-08 1.0100989325959833 0.10418377294463657 2.0424016320602862 2.2216718067315635 nan 0 nan 0 0.4062784928523881 0.2721380930650621 -0.12664674883976187 0.1331308324956288 13.015389141141018
2460312.5616805987 2 10 0 -1652.185566448831 167.4237958424441 2257.206850747693 887.0069548143458 0.03377446608250936 0.017853958459962845 1.0382328729132716e-05 1.3664019561598586e-05 16118.90986101686 0.006036265348728652 0.05084536852544412 6.613479212140671e-06 -5.823777528880083e-07 1.0593544252516298e-08 0.904965008606899 0.09329570119027879 5.117885529537282 3.3550304501394823 24.731011293883626 14.041628173767037 nan 0 0.5774712259083689 0.2711725951529536 -0.0424162972121425 0.12154961505991507 13.943865563714677
2460312.5616805987 2 11 0 3596.4109433627673 1220.2108639266417 2001.165467125499 999.4982653253275 0.05825089690135582 0.033784701206364176 1.2590710644723075e-05 1.3944741320310053e-05 16228.010026205226 0.06653451442759402 0.04829706365474732 1.2882872880628536e-05 -7.059669152054928e-07 2.7407973221237536e-08 1.9160031835351286 0.25740245128822553 0.06124216747303826 4.768893663251321 0.009508432365916974 1.255752917921985 nan 0 -2.189560020898139 1.4995128010998289 0.0315647349581291 0.18977626984736484 14.471561246202235
2460312.5616805987 2 12 0 -1433.4793243659585 296.9268479952212 565.5245830560415 41.88659455771749 0.01622769282445742 0.001971640182755483 7.975484157308175e-06 3.348826649245581e-06 16475.078406358705 0.014857189676135316 0.05478558081011225 9.065569419620373e-06 -5.983754007588157e-07 1.9394561451469466e-08 1.6443907878902548 0.13704356788709168 14.913950687427606 6.766552816771833 4.337130032698353 0.947735011917718 nan 0 6.112893743746974 1.002475944645488 1.1838872272616368 0.1126503709066624 14.111496923547733
2460312.5616805987 2 13 0 -1463.4464659946002 377.53291813651805 370.3067007448837 39.19118978691391 0.004596385070076402 0.0009236306841127684 1.8852459523084996e-06 1.64489613762413e-06 16592.72926232591 0.020956678048779008 0.0523278911263468 9.618706171133742e-06 -5.57682813066753e-07 2.03102924262679e-08 2.1724070599237555 0.21953564182902585 27.341482659653526 7.932319034718278 11.788984009258934 3.3266330230411296 nan 0 30.434944166525042 11.736610557895744 2.1236247741011374 0.26037912889063786 14.152062839379001
2460312.5616805987 2 14 0 -1816.613307992355 314.62990370709156 499.62893893060067 40.61409196750707 0.010054553929216855 0.0016927727961990116 2.509902316859489e-06 2.8606101006653808e-06 16704.698356541627 0.017139767897178994 0.04964329092445677 7.956980906951069e-06 -6.388641981757497e-07 1.651640610943085e-08 1.704305500779162 0.1437986141329959 17.160193401193457 6.23130362758704 5.051550781373603 1.0524712826725877 nan 0 0.18579302517289875 31.257774625582506 1.4767812596588683 0.1455971453969369 14.399424961700207
2460312.5616805987 2 15 0 -1147.6975679272596 342.0130697421702 890.1515808096165 101.43078210870891 0.017003784613355635 0.0028680326389536113 4.38398512761604e-06 4.582665379285415e-06 16973.79488040641 0.018348313293346182 0.05641968592836947 1.2965757691983664e-05 -5.089969152011889e-07 2.747527747097445e-08 2.7508703867309365 0.30521535655568954 17.793577882538372 3.436127530002251 3.194444696690898 0.7733658864824053 nan 0 nan 0 0.8371955054276212 0.1331935671595741 13.016870779017985
2460312.5616805987 2 16 0 -1464.6150117091508 206.0999833019298 1499.6988789282552 157.76791531010363 0.02606418526387474 0.004430705221037267 -7.572294721576464e-06 6.5024693615118715e-06 17094.829590798538 0.010499680010044157 0.05385652114347769 7.983432609754629e-06 -6.553640605077471e-07 1.70248106459022e-08 2.005480236884502 0.13984966419153538 7.693350819629822 1.1724580377674996 2.5046559148977523 0.395090188842917 nan 0 nan 0 0.34893797576494284 0.07081257453345312 13.93166670684739

2460318.7712704595 3 7 0 -3037.946836073711 241.857619931569 2473.141066679751 863.4254159077324 0.056110298952436015 0.019935221438664823 9.08946821847734e-05 3.3776303997493455e-05 15671.290055404717 0.01335523756349883 0.04954583697453023 8.492515756032218e-06 -5.040746508458272e-07 1.5459050540721054e-08 1.1986729162946665 0.11275013594731546 8.032932823997363 3.508662106818327 nan 0 nan 0 0.8698001579095671 0.3761846260908989 0.002181524561929186 0.12594239935173446 10.686361681715043
2460318.7712704595 3 8 0 -63.583799793944934 155.82156270813462 2704.873545102835 751.7187206405061 -0.401662089961775 0.10913721814445314 0.0015851904699889896 0.0004407093028139297 15777.193028247573 0.005700919277855642 0.04701227247111156 7.387881326940048e-06 -6.062949642948652e-07 1.362543666655704e-08 1.4190290152194984 0.11294766448684045 -0.10222287758634863 4.721487040445005 nan 0 nan 0 0.8584643669813297 0.30896448248083325 -0.041420577681194344 0.08790196764657635 16.89360166606498
2460318.7712704595 3 9 0 -2471.854296452837 151.05783298385538 3029.735675228532 638.8174724156288 0.06359814250776423 0.016234059411340308 -6.551228101204383e-05 2.0170771159287267e-05 16004.49949320663 0.004763799839689619 0.053315248531096766 6.735231242827666e-06 -5.755289347267811e-07 1.085303095805009e-08 0.950679494107651 0.08749904575279747 0.01792350554603375 2.053034160694351 nan 0 nan 0 0.7589159901778029 0.20418619313390518 -0.019200817810521843 0.07069445438525478 12.089071409097226
2460318.7712704595 3 10 0 -2671.163475992615 134.4254562525423 4472.381860955612 1784.0304773035944 -0.020209481847810202 0.011378874033489257 6.78060468742766e-05 3.624340980307884e-05 16118.833214128925 0.0048809066346492186 0.05081250615926321 6.111713026983302e-06 -5.954318677908357e-07 9.623296002636563e-09 0.9579563532438783 0.08478309771154884 4.45829499736165 2.4792396342774676 12.05367054563095 8.202984633007812 nan 0 0.43490425909241864 0.20019911270106594 -0.1266202008868583 0.0897305169058365 13.764029523393068
2460318.7712704595 3 11 0 1674.5428748683496 1375.138161529375 2629.2319133972705 1263.465364023196 0.034686322874740584 0.02308553644379664 -5.70529489254895e-06 1.4204951497027522e-05 16227.825651647912 0.0745233941197331 0.04828541094516889 1.2810626670872673e-05 -6.383365642762357e-07 2.6957671906763507e-08 2.470185825361078 0.35732465566214106 0.561235831396069 4.47934378800531 -0.011135336336346002 1.217004793629565 nan 0 1.6510986085357167 1.2667218789729917 0.0332275067990695 0.18338739250530914 14.595865948008125
2460318.7712704595 3 12 0 -1387.3760468119945 253.60322368970984 865.5837857956823 48.811556892027646 0.01171590858650881 0.0022418815383838052 2.750050691501734e-05 4.800375066017916e-06 16475.035194911547 0.012608404366902769 0.054795043921032904 7.997983769730065e-06 -6.09163231844524e-07 1.718468939878472e-08 1.6594319132645325 0.12495610618631443 16.15925285693776 5.276070321444106 4.968019064545743 0.8355738494981065 nan 0 4.293399054974005 0.6323099415423565 1.0089070485901932 0.07590659910254163 13.713959945180825
2460318.7712704595 3 13 0 -934.2970258544269 422.3905066148354 336.95462461627 44.026654227896245 0.0006053733771733236 0.0006805493962187205 6.120676636785266e-06 1.5596373604400794e-06 16592.678641128936 0.02341775373592746 0.052310646675036404 9.071033515133363e-06 -5.432209355590549e-07 1.9419280044093676e-08 2.3530669135611917 0.23642666777950197 45.5405656872398 13.84451157866374 17.193981896638075 5.97743366215043 nan 0 60.516035634261605 19.75141365524257 3.1283177346484807 0.4530112593760813 14.26503462673637
2460318.7712704595 3 14 0 -1969.7746030103856 271.78203237444234 675.0336528920836 48.18646008857752 0.0004464594389445599 0.0018254737883994458 7.471312333905716e-06 3.6962464294987525e-06 16704.606159572126 0.014740661838411277 0.049646972376430024 7.675950339656955e-06 -5.200080167445251e-07 1.5870960661020033e-08 1.6316199073789446 0.1358667182052441 10.652555893706635 5.150465173708521 6.136947282025483 1.1376767382540771 nan 0 7.077223607978276 28.74867870243532 1.3919657463138524 0.12186234628632353 14.126866735342178
2460318.7712704595 3 15 0 -698.4398994543737 265.11728192390774 1188.8506261981956 104.97905539986064 0.0010169065402940171 0.0025199046040604357 6.847964930593823e-06 5.472364428414634e-06 16973.72269765912 0.013889004358814402 0.05640820837413079 1.1137318064530467e-05 -4.4013268193386615e-07 2.3045229663580933e-08 2.3781735916032556 0.19696775770253597 19.67022829704029 2.999534886845863 2.8357193066535817 0.5882516141075623 nan 0 nan 0 0.7501891116601687 0.09553456860089604 13.1574529753064
2460318.7712704595 3 16 0 -1398.6549723421317 191.32245434067036 1962.0005532209957 186.8659533193744 -0.0006531371636878569 0.004111297820399077 -1.3104586283844544e-05 8.821620312888812e-06 17094.756394128017 0.009709522357901654 0.05385527988819387 7.981044258595926e-06 -6.443459180417013e-07 1.685690554665562e-08 1.870583298887999 0.13192295771462614 8.658017843790262 1.2059760253670984 2.2961963518929056 0.3484162096018434 nan 0 nan 0 0.30268288294491813 0.05971310340364732 13.871467191684081

2460320.6801158413 4 7 0 -3490.213140850358 221.6172686905631 3671.6186799168654 1557.3102455313297 0.11662526555549885 0.05078481402613397 0.00014180430051507508 6.228394325261241e-05 15671.398333759178 0.012568726064498782 0.04952738073477165 7.143917086024884e-06 -4.7096097217969514e-07 1.3579577884158971e-08 1.1095145945746465 0.09793067131997321 3.7265082802116987 2.1820417790301283 nan 0 nan 0 0.5291966984825778 0.2584347660405956 -0.06389314791231841 0.12491551346170147 10.364069221221833
2460320.6801158413 4 8 0 3747.6808400805457 380.47371686725586 2890.504682817474 1264.628054107868 -0.4544386252081217 0.19419432177916124 0.001797588084252699 0.0007853151233715725 15777.29059522673 0.014639006109291974 0.04700984239496558 2.048177740547638e-05 -5.921058001471687e-07 3.881586221230585e-08 2.9616821671716798 0.48969079595686826 0.1123589256065804 10.59671300503689 nan 0 nan 0 1.1542688309827052 0.6990911352864592 -0.022394190720236316 0.14682738773003334 20.88149262548399
2460320.6801158413 4 9 0 -3045.4695802703986 153.4880448004352 5861.203713988181 3175.6049454518234 0.21913161343739435 0.13209938623386636 -3.3159218383048494e-05 3.1836863572739805e-05 16004.436815859666 0.005325236692537267 0.05331474827012735 6.228710320762541e-06 -5.902312713177312e-07 1.0185576114306413e-08 0.9380416363967247 0.08170926451373633 0.06241693907543211 1.2078065046414743 nan 0 nan 0 0.3052936841450113 0.18450895479095433 -0.14846486642024811 0.11119137300100017 11.822398732105531
2460320.6801158413 4 10 0 -2992.7123777522515 124.92809165187342 12056.605189579164 4587.972633202813 -0.024401830988022292 0.04715847808903855 -1.491181413818571e-05 5.645693597160035e-05 16118.939061148189 0.0049533035029018764 0.05081206701980055 5.627113207639327e-06 -5.831729013804626e-07 9.005669104937117e-09 0.9163203881092359 0.07096843972452378 1.8559288231292144 0.9719667068852511 3.0944683888042652 2.9797985432438017 nan 0 0.14498636060932224 0.05828806521139367 -0.2501793468112009 0.038493398904601 13.598492266500523
2460320.6801158413 4 11 0 2314.8783623601726 758.2851165731689 4371.9219242457875 1283.776680023663 0.04501561621700745 0.02283114854504768 -1.0153119845695157e-05 1.982475935090869e-05 16227.973189708604 0.04132338488547352 0.048300060746271266 1.0409197113614105e-05 -6.472361162108808e-07 2.2153685439393954e-08 2.174163856154489 0.23236134129222016 5.589554579318568 3.1606679533938116 -0.004932513760401568 0.7431396232562593 nan 0 1.9120578684653184 0.8219416153972867 -0.06533194167790791 0.08311889988031537 14.177773214786615
2460320.6801158413 4 12 0 -1453.926134009259 275.4155330025339 915.1430192690785 58.0088404068941 0.015470343467915105 0.0022902347665271533 2.367682409846956e-05 4.61585439630628e-06 16475.02105005703 0.013882362269654723 0.05479530604415393 7.781441463736356e-06 -6.1290365263098e-07 1.6741708924243747e-08 1.75174844349104 0.12583452883251603 10.170326398134836 5.001834111492794 3.786978106144971 0.6983907021598428 nan 0 3.7781784305583446 0.6378068518178658 1.1999794748504484 0.09739022054294061 13.379694968211794
2460320.6801158413 4 13 0 -681.4177564961254 377.33850746422615 456.10716443145975 50.565054821642946 0.002301126248974093 0.0008244452784463109 2.854772965049e-06 1.6497092790759894e-06 16592.7391338962 0.020708932069525805 0.052297021767566405 7.817280054724784e-06 -5.460943891027883e-07 1.696179516698755e-08 2.270061093317894 0.19298921738411678 28.21055486432308 8.175120136212737 10.854293019265405 3.193665972204977 nan 0 11.293097768813517 10.01027251948916 2.7372881707849435 0.3407647314692834 13.869513297892826
2460320.6801158413 4 14 0 -1884.5112778546309 341.2174224950294 639.8851088664439 56.03929507576937 4.4428560741445954e-05 0.0015332729798625024 1.0501199118096374e-05 3.0815539199787018e-06 16704.67499836376 0.019097517025431998 0.04962690279869484 7.5236326525253626e-06 -4.912093279373112e-07 1.6173279228020215e-08 2.042816805989964 0.16791039751883652 14.563915297684511 6.681227822018919 5.61677618009343 1.303449562707111 nan 0 77.6268454972173 39.32485030299214 1.9409741377930518 0.19759197151101868 13.826209098699257
2460320.6801158413 4 15 0 -1039.9988537624943 248.430532926814 1440.3345619030188 124.68842303478013 0.008261771099890281 0.002835627272086984 1.5573344671024935e-05 6.234086327524082e-06 16973.752348419774 0.013120305305516007 0.05641023721505047 9.997470789738048e-06 -4.854660874013739e-07 2.0738764022408722e-08 2.34105221883667 0.17186667320967633 14.96385172628108 2.1144486246026957 2.184499513947929 0.47590555272509016 nan 0 nan 0 0.7059473456864667 0.089804474584915 12.900363483656015
2460320.6801158413 4 16 0 -1684.6099505949765 199.03051259824326 2009.9927881416331 190.16495150703722 0.0002613450436339895 0.0035397411069185455 -1.855766917284083e-05 7.806096598398606e-06 17094.75355479158 0.010282356077185145 0.053844355811352766 7.274822530530837e-06 -6.536708998092889e-07 1.5431935040261783e-08 2.374427701656053 0.16450818991360738 9.336263456401868 1.2984074740088483 2.2579476194024566 0.35096768674754836 nan 0 nan 0 0.4164219758858098 0.0700845803876237 13.674426293736126

2460328.5502090706 5 7 0 -4218.886859765772 200.7161071018213 3693.5984138669824 1451.8441566101628 0.10228721721099988 0.041623471633180364 0.0001632877454451303 6.653125933929047e-05 15671.345097282872 0.01188871250827614 0.04958150778943734 7.771933046869716e-06 -4.6294021830841855e-07 1.5004936479628698e-08 1.224052317756325 0.10841227175261801 4.301995637283737 2.2330116776327906 nan 0 nan 0 0.5675610664296785 0.2597260029461346 -0.08730814406935697 0.10656681800122372 10.431303666113905
2460328.5502090706 5 8 0 1151.1923195990605 145.6233740284539 2782.777208467279 602.4583832706072 -0.4255857292357762 0.09034361373652297 0.0016287940352860515 0.0003528740987517662 15777.26654147933 0.005853464092622594 0.04700957997592384 8.24211155054551e-06 -5.99209280231113e-07 1.5157909018370623e-08 1.628600242367905 0.11924456899778973 0.0592377080123444 5.341507197783555 nan 0 nan 0 1.0626128479120303 0.3157021925046038 -0.02401565322128719 0.07230779386760651 16.713263768091824
2460328.5502090706 5 9 0 -3761.768253022737 142.23434378552142 4417.417314443575 1772.705139516451 0.04119494634612773 0.024883776745877162 -9.392268898612767e-05 4.288721380372454e-05 16004.494018907828 0.005158815148331589 0.05334971752168225 7.5129772180818175e-06 -6.32532806837608e-07 1.26719581842495e-08 1.0338518189168053 0.09754333177811879 -0.0233883169076895 1.6239046264538144 nan 0 nan 0 0.4416748597675804 0.20767178806206837 -0.10895491832580316 0.09829236322155678 12.03035316039356
2460328.5502090706 5 10 0 -3910.5131709341954 133.7790256560342 5935.146787546639 3233.607728833313 -0.109074402013219 0.04440643191541126 3.587037307292178e-05 4.068428863275449e-05 16118.905585296856 0.005537883099283524 0.05076373968399936 7.1841610382952826e-06 -6.361653597608922e-07 1.1599819262395938e-08 0.9687452691706672 0.09752826848022253 4.032545660217114 2.7516785678018567 10.93440328007703 9.115936053255387 nan 0 0.32929188673554305 0.20176488035198398 -0.15883916842200546 0.10495215550956172 13.712885598531852
2460328.5502090706 5 11 0 587.5207612739802 1132.050373180232 3676.886220792491 1261.5951000127675 0.013181819675109835 0.014370751780221373 1.3558620535463996e-05 1.865331823647492e-05 16227.80208076098 0.06104334915770047 0.04828759643603853 1.1322854104041469e-05 -6.62714103250693e-07 2.3986483498918436e-08 2.5720457253700304 0.3388411856856501 0.1515364561881349 3.146101854207088 -0.014702175465414004 0.866545883866736 nan 0 1.6073705625066783 0.8903266264445054 -0.0419308697289639 0.1051529522137244 14.106477409546203
2460328.5502090706 5 12 0 -1757.11215375069 256.7239040813671 1018.0905522179847 55.29004503530909 0.0024568058257815172 0.002436210073048465 2.3354472975614515e-05 5.2485910788642125e-06 16475.076820214435 0.013129744820731787 0.05477641312352448 8.434978340121048e-06 -5.886370536043421e-07 1.8106671079869356e-08 1.8276262068083646 0.14403913796509227 11.932245627719164 4.350958129584032 3.828064555145564 0.6096052921110282 nan 0 2.227597524285516 0.4581915277816446 0.9113166319198335 0.06777339429680607 13.605130992285265
2460328.5502090706 5 13 0 -716.4002213268527 423.7994420090349 397.23128784088294 46.95622119075012 -0.0036013670196532017 0.0008799813151556125 5.980684844357521e-06 1.6842493886299256e-06 16592.73495010658 0.02329468186435585 0.05230725220839033 8.894546301016553e-06 -5.691177084250901e-07 1.924382486064912e-08 2.742337783550279 0.302127126467378 45.94753654587919 12.32538049039519 14.635060600417262 4.743908830432507 nan 0 42.10814613431 15.141200488561104 2.8106838143585446 0.37222579248598525 14.094662406067052
2460328.5502090706 5 14 0 -2968.59195959054 314.308795339547 717.8307238417824 54.91133256196885 -0.0017256214063947695 0.0018244969661253756 1.7495250045489764e-05 3.690762024266766e-06 16704.53814575159 0.017295184644560747 0.04961441178850907 8.10814774791329e-06 -3.63997565993643e-07 1.7222425325443154e-08 2.2539501037329277 0.20637649951405604 -0.03874365707809001 4.6613982870369846 5.349035475973277 1.0397239012215436 nan 0 -0.07968663819085209 29.68356421337156 1.4811188770697243 0.13739012578645518 13.810262355339878
2460328.5502090706 5 15 0 -647.2318254063132 225.80221175172957 1474.3155721753562 108.70417076163082 -0.012232250925426048 0.002885297600725319 2.7087133652050778e-05 6.483809576636427e-06 16973.744663691206 0.01184401555950736 0.05640337548316214 9.916757713645504e-06 -4.557232498132281e-07 2.025632423119879e-08 2.4446435700381905 0.18146123700264521 16.805223007662303 2.062156214409981 2.5110869045807833 0.4364572186405494 nan 0 nan 0 0.6211784747908801 0.0702392646496873 12.8759330019068
2460328.5502090706 5 16 0 -1155.2213602225522 179.47632806631765 1978.3278141868593 181.13777982248348 -0.01832562321403455 0.0037832925041398303 -1.2012466486120248e-05 7.881008279948782e-06 17094.811104551507 0.00937216324421393 0.0538663234593891 7.39089796891139e-06 -6.438617474685142e-07 1.5486539251244733e-08 2.049865996105536 0.13908833764607825 9.04332060126037 1.2084486061988358 2.206463108283052 0.33023920255170397 nan 0 nan 0 0.35242060089301636 0.06196658517228419 13.636561897217522

2460339.6560602556 6 7 0 -4953.594004589549 349.79756232298564 2677.012339715291 1636.5566340079702 0.0825829468991662 0.05134877983061526 0.00011372340237425727 7.280480105535996e-05 15671.19429150548 0.023304655238072854 0.04963614939667258 1.630392970801242e-05 -3.557815891964908e-07 3.339163879835577e-08 1.9534574035585623 0.2577871052638968 0.597988818719455 2.6908646513953403 nan 0 nan 0 0.719959097045527 0.5288078063592002 -0.0677613709925316 0.17774144881076742 11.680602715353723
2460339.6560602556 6 8 0 1698.809841361456 190.38672346327522 2878.0795472037 942.9231656243988 -0.30362888861505666 0.09630638305095901 0.0016140352149586882 0.0005288672219581216 15777.253005798026 0.007945407755001608 0.04700194565067679 1.1375801879078558e-05 -6.031875202743219e-07 2.1120510895781702e-08 2.210383941855828 0.16725032444626126 -0.13410968335176854 5.737687381892666 nan 0 nan 0 0.9089533860899311 0.39222433829420555 -0.0759236900251333 0.09234255436813153 16.71162924601502
2460339.6560602556 6 9 0 -5596.242970446023 177.27048032733074 7881.359496697893 6996.581027465576 0.30463950893762587 0.3287449540475682 -0.00021971411763363 0.000199910939526328 16004.523431888276 0.007296149294318817 0.053423690192837735 1.2461414712276584e-05 -7.538326642620209e-07 2.143867914500219e-08 1.0499308957840636 0.1282528004149531 -0.04125046103493468 1.1612869759378268 nan 0 nan 0 0.19280527088566785 0.18503677290509743 -0.24611210041696008 0.09540736724736101 13.66293233339228
2460339.6560602556 6 10 0 -4755.0914692224 193.34362775034296 10064.175545861088 6563.405588732427 0.139505886768597 0.1803243391312185 4.985122563798933e-05 9.981181777790226e-05 16118.863460083434 0.009079929777359446 0.05071983287483852 1.2946734599798339e-05 -6.856670479669804e-07 2.191598337948104e-08 1.3987551363357316 0.14006038427115608 1.849365983893092 1.6281020635737977 9.162896682393933 8.174197940843193 nan 0 0.15452192506820955 0.10708557436022106 -0.26785202527787766 0.05445507285361508 14.82152606651533
2460339.6560602556 6 11 0 1266.0945287220927 1464.2778637666424 3803.67699073688 1824.9061142579778 0.11475137495261019 0.06975267429522426 9.057820356727507e-05 5.901621541593386e-05 16227.81307104922 0.07995591487664763 0.04826497044527223 1.9878935071838527e-05 -6.684321283243376e-07 4.288823322101187e-08 1.8701142644112891 0.37469604620091557 -0.1118615091225888 4.591665905485909 -0.008123513534750548 1.1985475108844814 nan 0 1.3984483541360733 1.1743135201179804 -0.11028375036515156 0.11424110368912509 15.497420315676619
2460339.6560602556 6 12 0 -1360.7622693219344 477.5541233523472 761.0373567033225 75.43275784338152 0.011831627144475191 0.0033285730956152553 3.2488720513736576e-05 7.365294541447867e-06 16475.11067521633 0.026060051766581677 0.05480225122198234 1.7696318862636234e-05 -6.053506000655769e-07 3.840944855863791e-08 3.6418582306159575 1.007251490586857 9.126278001368712 7.337157248284594 3.639555405105037 1.0696981105952796 nan 0 3.783887681711355 1.0135735890684539 0.9156024030226259 0.12423347731821159 14.516254651987012
2460339.6560602556 6 13 0 -912.2912842605159 717.0555674612713 355.75149171345487 68.20777153106636 0.0037512457918360605 0.0014260690905488615 4.940648961016938e-06 2.7092083379909492e-06 16592.68741932213 0.03983628743418284 0.05233095889938743 1.680943017014123e-05 -5.019911489268972e-07 3.6240798874562334e-08 3.2275902750010412 0.8175490526187541 22.169031137666103 13.403712892294049 11.894645265402001 6.511949038161558 nan 0 60.598125123238155 28.038718482376126 2.3143037342083694 0.5084859852604465 14.645293131036171
2460339.6560602556 6 14 0 -2465.5658033921372 573.4968833661173 568.1252686756882 74.01325582398064 -0.003929477113869825 0.0026448543605183533 1.5926948777944633e-05 5.3792682667203e-06 16704.56833229102 0.03318641769277827 0.04957133040514936 1.6840743407969042e-05 -3.6363785298455577e-07 3.6966492900105404e-08 29.28022078095466 488.2926126403406 5.830424144713181 9.436826603748905 6.2240468687905075 2.1657059820797433 nan 0 10.46111458230726 59.60179207283147 1.3983783699643466 0.22334576590403765 14.792551521855438
2460339.6560602556 6 15 0 -776.6392534063523 442.56931437611996 903.7045547565035 152.02418628298037 -0.00835509384565998 0.003647620692998986 5.417520406266822e-06 7.347971763965312e-06 16973.766869568924 0.024491223748317057 0.056420485124163706 1.9147859597259616e-05 -4.853797029984235e-07 3.860142447009159e-08 2.0312291022247293 0.2756614808759148 16.34403686836382 4.637124838687404 2.881634906755132 1.0458236963471628 nan 0 nan 0 0.7825557145432096 0.18742099902328915 13.995016271266964
2460339.6560602556 6 16 0 -1006.1594699751337 421.7012465870616 1383.6092134359067 273.3328423911754 0.010544093535108497 0.005973642444425748 2.151398817092583e-06 1.0666602153152726e-05 17094.808012756697 0.022122077870922872 0.053844849249415176 1.6252671270330062e-05 -6.410555408901672e-07 3.437518148758828e-08 2.5815722706528748 0.4082459998408215 9.22439731351846 2.6689439464320572 2.1273107584831314 0.7106889140584102 nan 0 nan 0 0.3872537048589247 0.14060954413816343 14.636639773670876

2460647.8354338035 7 7 0 -1752.3945167147533 132.60780047468185 8728.460121514829 2002.929426622889 0.2538922350156661 0.06480860721896814 0.0004374173844118588 0.00010807439186329775 15671.336422139299 0.008881039677845433 0.049471098190501585 7.266353274322891e-06 -5.822702090746403e-07 1.3714766636148444e-08 1.443963972739842 0.07335542935701962 0.7975122735024939 0.6827627967059031 nan 0 nan 0 0.3881682915631441 0.09940070277374713 -0.21878025415435798 0.03202733566079917 10.082068021431942
2460647.8354338035 7 8 0 4598.172523567089 613.6703976177774 2952.0630839093133 3833.7308468059136 -0.5523197894693771 0.7044674396826381 0.0021285172574548317 0.0027631917775511323 15777.154439256945 0.02412410942864887 0.04701546236480663 2.516967344700287e-05 -5.337150480250878e-07 4.796708561283017e-08 1.2988671995241208 0.4040860913024923 -0.07471864789463423 18.201503151169373 nan 0 nan 0 0.7743174403048185 1.2739154071196 -0.000206938047424607 0.4641628297838467 32.221202624061895
2460647.8354338035 7 9 0 2500.490723461547 116.4960554538816 23346.6696464775 9468.1115601195 0.4620627510368128 0.3273309519693105 -0.0006396100911392178 0.0002776557279353609 16004.463824157967 0.004646668235367622 0.05308673339824457 7.94947277014004e-06 -3.0061438511914997e-07 1.3102015380721946e-08 1.1754736530287766 0.07568393229851017 1.9476887931585152 0.8944726891805211 nan 0 nan 0 0.11053785905084336 0.04703978761885339 -0.290255917366435 0.02565904431649278 11.821474384822961
2460647.8354338035 7 10 0 749.2898789731786 105.65305108571106 5514.2602746000985 1498.3256145213652 -0.17948389228160416 0.044279431516212185 8.9072224331825e-05 3.999330019515197e-05 16118.812010308504 0.005046988230994896 0.0509885698477209 7.711242317311852e-06 -4.6631398256316525e-07 1.336379744724425e-08 1.3806968318705384 0.08650834146374521 -0.09530492625626003 2.1946953048019116 5.05001623357552 7.697903152733738 nan 0 0.6040924206187938 0.20145211808975466 -0.10074671665247457 0.0682342938712799 13.368314102835527
2460647.8354338035 7 11 0 -801.7359539271555 895.8190803534735 3721.4085409502663 1275.6566293633032 0.022452479795476463 0.015615698165065485 -1.9451579528686935e-05 1.6560755051743077e-05 16227.667953945594 0.048933758381460996 0.04829388639519419 9.545326262719152e-06 -6.390210645450839e-07 2.0360128065734825e-08 1.9080142059262322 0.18347136500655303 -0.012132208294873409 3.477213264329267 2.1805606874367767 1.1468780266453302 nan 0 0.8034052219334684 0.7567281243023987 0.013483905601815588 0.12405875527621979 14.367283587795834
2460647.8354338035 7 12 0 -1596.528119994053 212.28365978384707 1662.3765314788484 79.66958290839419 0.007999709978494038 0.003778874237924393 2.083480441358391e-05 7.911175990621959e-06 16474.939488803273 0.012141027257668639 0.054783403190880195 8.931559126059752e-06 -5.624396756585369e-07 1.971815650318386e-08 3.007408634321143 0.2973037798545046 -1.9425203701077693 3.86751810837102 4.254293500328775 0.6091064698433871 nan 0 6.594425430918412 0.6925931596635773 0.787200043861814 0.05393933785732327 13.034993971147468
2460647.8354338035 7 13 0 -1578.5477345101135 285.0759804434314 604.9036730422448 50.25687601173047 -0.006217072248702739 0.0010628347736005598 4.434591522915108e-06 1.9273484077154516e-06 16592.650928792893 0.016067464245568524 0.05231435616892121 6.92623366450626e-06 -5.566933274032834e-07 1.4196566769631887e-08 2.1709878054046445 0.15821849262766105 11.501585813338252 5.160968369140687 11.048061130239537 2.3675627637640635 nan 0 15.185847376102792 8.480397004511692 2.3935945352656565 0.22676468989073723 14.040215623604556
2460647.8354338035 7 14 0 1022.5357453769021 212.24138153193266 1085.1270483927115 57.23191763110178 -0.012006166816374888 0.002318866442992249 1.8780211576592163e-05 4.719026008749779e-06 16704.79741473043 0.011878292121466003 0.04975009229643767 6.55747433007443e-06 -9.015821720569805e-07 1.3855239560261774e-08 2.202070886288488 0.15946861169928414 21.40712862645214 4.534173697379462 4.780714375573973 0.65638621330066 nan 0 -0.23737226743427975 20.207415117527685 1.1850423017074003 0.07908005644594301 14.087676929639711
2460647.8354338035 7 15 0 -1510.2384814346206 343.07206309610535 1037.6265071964299 127.96980784430541 -0.011721702772552887 0.002163211865228966 1.2290805836050614e-05 4.076494308912785e-06 16973.693382581463 0.019228843770994833 0.056423687574476335 9.305488844622642e-06 -5.377678341720681e-07 1.9470425180943335e-08 2.818360628677042 0.22476515143442807 12.604757789453316 2.475863139743869 3.5916316447553824 0.8162814409852841 nan 0 nan 0 1.346215399891688 0.20691630024645707 12.91848276786452
2460647.8354338035 7 16 0 -1796.4504019184576 221.46097370408754 1655.03007220736 201.02018760166757 -0.018538772374644907 0.002996262508556973 -8.589558846802603e-06 5.340600860152634e-06 17094.733689841454 0.01226164896558271 0.05385179512209618 6.194643471510806e-06 -6.489446319322335e-07 1.3661205348251104e-08 2.392351847449892 0.14187070121125925 6.4703384748966055 1.1650542916490454 3.42163071878348 0.5629196114325544 nan 0 nan 0 0.7057575415221276 0.12511262259478367 13.704195147919467

2460666.7973373244 8 7 0 -1190.7041004031257 203.74036044588613 3570.6268783568894 1276.7365112268087 0.08652159451403077 0.03194167262909261 0.00013067532299483839 4.888485847419073e-05 15671.40020985948 0.011409226964400917 0.04944683511779756 6.600078073510575e-06 -5.926224803060273e-07 1.2185385010328164e-08 1.124587411797419 0.07966146039976675 1.1047841274171626 1.4554382971894573 nan 0 nan 0 0.6170120512793875 0.25740756947955323 -0.05381049660527034 0.10892218276310928 10.185446626113189
2460666.7973373244 8 8 0 1058.619071339407 128.02682197527628 3544.22850498477 1139.0749387419608 -0.47955523037934994 0.15011384769094352 0.0019729835601296803 0.0006342327284881096 15777.204096291078 0.004736928371504782 0.046993672416972915 5.26617003453814e-06 -5.862260514336738e-07 9.75564720579847e-09 1.166160261309721 0.07832224817534295 0.04275942936862809 3.440378320420638 nan 0 nan 0 0.6309700268914635 0.2480616289545351 -0.06569307771994606 0.09378223499571556 16.30000466875816
2460666.7973373244 8 9 0 -439.931563440164 130.74013459739726 10810.87255430773 5377.8876132885225 0.21618728637753123 0.15144300918301706 -0.00020700277750618166 0.00010879469230164657 16004.506908504756 0.004432918739413789 0.053205324257705584 5.577576874436211e-06 -4.5404986638271766e-07 8.930966340892494e-09 0.9377636596999516 0.059440681892815796 1.7913275687020822 1.0689064996811515 nan 0 nan 0 0.17456394821549437 0.09266048365388309 -0.24149797066503706 0.05574595785141278 11.886064861638452
2460666.7973373244 8 10 0 -1025.8079188969975 111.95810500901165 4478.5126431046465 1407.3755018730567 -0.07151303322909401 0.018784791051901388 6.602050892955108e-05 2.860942614036297e-05 16118.846720407812 0.004250878718793286 0.05091407666402439 5.311065319770997e-06 -5.163172310146535e-07 8.539919073783162e-09 0.9961294467014341 0.07214901756128916 0.03728369966128964 1.718346397780897 13.226922852647093 7.5575250883928105 nan 0 0.5035261399845484 0.18594360799492307 -0.0862439441364256 0.08340160252885612 13.448117481145477
2460666.7973373244 8 11 0 -3834.8634458648617 1008.3502737511958 3955.9618723286426 1174.5744166848913 0.05824410872998331 0.02458336228907692 -1.1642791119789346e-05 1.602025275249935e-05 16227.564744315307 0.0546793056169869 0.04829231570256823 9.861319208620275e-06 -6.81450719999118e-07 2.092608332628427e-08 2.655857522543614 0.3047279537136437 5.332165118690385 3.2959277213280505 0.9325822619790839 0.7902655659860202 nan 0 0.09139152666323923 0.6420357931753959 -0.0307913730280152 0.09430868175001494 14.072387921957755
2460666.7973373244 8 12 0 -1278.7995880396325 225.815848164474 1051.6809255885569 54.18058572363672 0.013055378658352969 0.0023842743509489045 2.4840405500704456e-05 4.9843158470388325e-06 16475.019897492344 0.011454291129422253 0.05476929047736813 7.618071791350474e-06 -6.195697245260863e-07 1.6472473678698052e-08 1.9677824962429062 0.1391584006486169 18.635872474096228 5.0539152297531595 4.334992689874223 0.666340450162448 nan 0 5.833221825983958 0.6822235385340052 0.9887917000985675 0.06832647652080918 13.30840817765441
2460666.7973373244 8 13 0 -1443.4657304422644 292.07359663541513 626.8270751881254 49.97587501519728 -0.002512742869941226 0.0010784338737734145 7.42231268154781e-06 2.231966344366715e-06 16592.68314650268 0.01639679340375483 0.05232644705030008 7.532581832331693e-06 -5.61480355926485e-07 1.583633392049226e-08 2.2505062244178964 0.18001129902288032 -8.110190286934433 4.2488575153243255 8.554455576665484 1.78699763587384 nan 0 30.44669872903431 8.403139022004995 1.908801083925243 0.17892607043575173 14.177928403775757
2460666.7973373244 8 14 0 -603.3790415284132 231.25023310043775 727.770835288752 46.1188203762006 2.0504921077065522e-05 0.0015091294967063157 1.2424518836302882e-05 3.02955419637998e-06 16704.71312442609 0.012923884651664436 0.0496862021810966 5.883307857279284e-06 -7.233971982417594e-07 1.222743144474154e-08 1.5768771678378521 0.10250305592749223 9.507774002327666 4.518024136354667 5.405033387259104 0.8924760379713818 nan 0 1.8958449965736668 24.425401320370796 1.6236895881869153 0.1228244582394015 14.022863968447819
2460666.7973373244 8 15 0 -1388.6872833578375 416.59516710849397 1020.8565926353149 132.44382220418333 -0.003352955814140604 0.0018218663409349833 8.312819722182813e-06 4.154913927918166e-06 16973.733044642126 0.023356873351524796 0.05640319481334229 1.0366945138293011e-05 -5.08250212317076e-07 2.1966128714571057e-08 4.025098348888585 0.6060412722572923 9.631199729325173 1.9430834634228131 3.0229121697314425 0.7557477565688083 nan 0 nan 0 1.150932072331612 0.19227862804969698 12.890522147252714
2460666.7973373244 8 16 0 -1596.0424864936742 253.77417612781167 1645.8581984812552 203.19945900940627 0.0022525086650354363 0.002641038814254241 -1.4343561107480298e-06 5.291678783490924e-06 17094.761893848692 0.013760267562790446 0.053849993022984474 6.539691094663773e-06 -6.190136293168836e-07 1.416539881290132e-08 2.4439017656283752 0.1639841511550936 4.257165946568505 0.7385720889454223 3.170582555473168 0.5230002595643379 nan 0 nan 0 0.5653657320170902 0.10981229795853004 13.588527057037744

2460674.742469253 9 7 0 -1993.2281741097472 209.2320200766096 3943.960353454951 1372.5609315199779 0.07958093522448992 0.028747476639992976 9.435529844694633e-05 3.5393630095595496e-05 15671.367240434329 0.011384232128200021 0.04948971803654031 5.871862567719427e-06 -5.671966773784196e-07 1.0731163403559468e-08 1.2387354784639586 0.07156208661196294 3.521971377113723 1.781160925790894 nan 0 nan 0 0.6071577940264892 0.24505006941847957 -0.017676580134073038 0.11858499150046423 9.883872488233427
2460674.742469253 9 8 0 932.140180388172 249.61676674882605 2745.196479026133 1867.3726107722105 -0.515126467826677 0.34782662724718066 0.0020846483018875303 0.001424050818796661 15777.244053994636 0.013063647605599516 0.04701169787021269 9.463804141297613e-06 -6.656731204031352e-07 2.0373322352144706e-08 0.1659412933172969 0.3842785091148269 -0.41160547167304384 21.30545664906055 nan 0 nan 0 0.8351598519167346 0.7754719252798848 0.052652505970749 0.2795156051455609 35.122572760787044
2460674.742469253 9 9 0 -1348.1010676958354 145.46958997907447 8473.525230198167 4093.1758645848226 0.16263722505742362 0.09933062463960128 -0.0001162409274323732 6.121104465239381e-05 16004.50388618475 0.004765125323897473 0.05326381256182287 5.284985580754813e-06 -5.212796385262621e-07 8.321394471434575e-09 1.0502316628839146 0.05709452908023645 1.709805152525166 1.146391581883017 nan 0 nan 0 0.271950056658122 0.143969826495066 -0.17698278744832205 0.08533208153649886 11.71575277201602
2460674.742469253 9 10 0 -1513.241669435804 116.80200578464506 5643.60091643419 2084.5402579769107 -0.05329215270964554 0.014538783233528385 9.00743205073888e-06 2.0336047516016546e-05 16118.857428778741 0.00433396746427469 0.05086126787898726 4.4743284324648046e-06 -5.532557829343237e-07 7.062035587105993e-09 0.9781631985340732 0.05845378959821164 0.28500255582665923 1.4024703127314664 10.310528873155294 6.577781301768295 nan 0 0.41454615397305533 0.17446185925757504 -0.09131155343599827 0.09611512958736385 13.345937642295777
2460674.742469253 9 11 0 -2431.39919248709 983.5564555140929 3906.7446932481303 1188.3592493743652 0.005787938151024663 0.00992630384058524 -1.1076132514375702e-05 1.3915530340599542e-05 16227.61143455722 0.05340071581689689 0.04829226537585629 8.403382316793442e-06 -6.148502715836789e-07 1.7753355720100058e-08 2.46676429794253 0.22690629765839435 1.0836308049138763 2.921222383287661 0.9749263933416794 0.8261665386460859 nan 0 1.2541361818800352 0.7439156121481011 0.023511249857211182 0.11313472818384344 14.019046231811464
2460674.742469253 9 12 0 -1398.260642703429 252.19806273447804 1165.7153719486626 68.49404364224796 0.008720619903562876 0.0022707342272751774 1.4297286586324302e-05 4.704456002319162e-06 16475.030695490426 0.012724713410769082 0.054776476435732246 6.938613079756468e-06 -5.815986586756159e-07 1.5053909405089303e-08 2.085939922610433 0.13235232185218165 -0.031001013182641243 4.162081021247107 4.146943198778742 0.7084369121384678 nan 0 6.118392369941875 0.7873384108704583 1.3397175748121561 0.09850626127408488 13.0754690105555
2460674.742469253 9 13 0 -1781.1990807271516 348.32191718025115 572.9882846793449 51.73797651354893 -0.00200737929589565 0.0008606557395806863 1.1810080107879402e-06 1.72685523556264e-06 16592.66913510816 0.019357716408680153 0.05232214425919673 6.756684492144595e-06 -5.668147193357324e-07 1.431121477411621e-08 2.4921604741114938 0.19498054739402265 4.900418679835695 4.640503745134675 11.649733446252618 2.7243293436646554 nan 0 22.13076944217988 9.295743804285307 2.663819767226375 0.2708704883230817 13.878110606979286
2460674.742469253 9 14 0 -908.2297794068992 241.33790070936027 774.8333376934446 49.870730261835696 -0.005779002918052119 0.0014519724674443755 1.2289964548480226e-05 2.92405866113822e-06 16704.68232834351 0.01333721176613481 0.04966871227117549 5.4298764961519736e-06 -6.300275326914248e-07 1.1359332311069102e-08 1.6121579647984254 0.0959962039233095 6.6665119378987185 4.408932296315572 5.84794929976757 0.9816290379124267 nan 0 14.627493608036634 25.588286303112454 1.8701533973621542 0.1406314550596721 13.974767323677057
2460674.742469253 9 15 0 -1405.8016615093973 419.00861358150235 1152.8180131671384 137.89144400715665 0.0002939887807918755 0.0017423663809041313 4.79707080100789e-06 3.889597942175992e-06 16973.721092813143 0.02341472630229048 0.056418759167940875 8.84094346311519e-06 -4.956471570503086e-07 1.86424537669497e-08 3.0820138607097043 0.26998904596176265 6.174556262710088 1.1636361518004044 3.0693403711960916 0.6681919725078492 nan 0 nan 0 1.172792986964985 0.1798430659304538 12.703110576176583
2460674.742469253 9 16 0 -1752.556709025977 313.91181019660667 1381.3185779648538 219.73312921492465 -0.002532612678413779 0.0019172112756108458 -1.3899316440101041e-05 4.902680760300003e-06 17094.759641528653 0.01723281813156259 0.053844984401107805 6.194455172378154e-06 -6.461253975951314e-07 1.3321443272612194e-08 2.827134165777676 0.20157458067093184 4.396009909957012 0.9954000840607649 4.101447733666312 0.8360868623244818 nan 0 nan 0 0.9219235546565471 0.19824808025878385 13.730318611646103

2460624.8335913285 10 7 0 -2527.996709979578 164.3912541191962 6701.849276994515 1815.0004719590856 0.32250278076886874 0.08962263949021418 0.000439865170186251 0.0001229869652879972 15671.350563487358 0.011124944375857851 0.04947951615629483 8.690373964107419e-06 -5.697757886022915e-07 1.689188306309013e-08 2.239481668243214 0.11105658524142314 1.0898654380197879 0.9792650604257513 nan 0 nan 0 0.5901018174124275 0.18537197490094595 -0.17879475226798958 0.04864894612165225 10.158545838714618
2460624.8335913285 10 8 0 2061.4083366455525 127.34518887565757 4420.284324538813 1460.6295761216952 -0.5982535603999866 0.19194017077145836 0.0023861225290935776 0.0007872131321562959 15777.174551394945 0.005381816764665319 0.04699202918921862 6.791657190123499e-06 -5.91299743480871e-07 1.2518283255835117e-08 1.4514756896310905 0.09590386294140496 -0.023816123832936853 3.379612781219579 nan 0 nan 0 0.6504365868156624 0.2648727989493523 -0.08953377481842179 0.08853566026569723 15.740553351543735
2460624.8335913285 10 9 0 -2584.1416915089003 130.86722195615909 10958.56693103886 4271.685357916724 0.4759603163803281 0.21436873439896856 -0.0004706650620668406 0.00018577049233951416 16004.469834168734 0.005179408213688596 0.05325340231669357 1.1164792547949712e-05 -5.194812286626634e-07 1.728963807914613e-08 2.0530826765072594 0.08599128206800999 0.04794924024187655 0.9917744351942066 nan 0 nan 0 0.34907288842906636 0.15485296348695649 -0.2286777247767812 0.04875576516099931 11.446944025413835
2460624.8335913285 10 10 0 -2083.3697674492346 118.94798177508702 5419.901803832573 1197.6303562331718 -0.21742986465553138 0.04535194738931495 1.6546252033694506e-05 3.233151053886587e-05 16118.87809566568 0.0050862315264755325 0.05088316163869482 8.677483956234184e-06 -5.728135281571721e-07 1.4376425715876783e-08 1.8808754709614683 0.09119860406861832 -0.1683354050367214 2.461198851473564 -0.3193250830191712 8.091339057484326 nan 0 0.7685337700819311 0.2154848720348587 -0.1066210631693501 0.054245747853042744 13.167141534374993
2460624.8335913285 10 11 0 4279.952696491863 1204.2650801831721 3509.880410641711 1224.3487364763052 0.013621799631276946 0.012006159007825184 -2.9536231644625017e-05 1.6183282296958332e-05 16227.987329224012 0.06502110367503669 0.048287356841247235 9.439017719886724e-06 -6.227883806871947e-07 2.0018066300383e-08 2.5330936331159744 0.2701311250434779 4.3339597908251 3.7776986777521873 0.006803717684860711 0.8731500279420897 nan 0 -0.010899073911030066 0.7404302525866601 0.04228040380946647 0.13628305647461847 14.229665497110123
2460624.8335913285 10 12 0 -2198.6739766368687 205.02532561015445 1627.259602838457 75.91327651968784 0.0203999562905355 0.004160081063039021 2.4426135668236522e-05 8.585205712271854e-06 16475.019859407836 0.011883699156570126 0.05478573308286448 1.0013997237514563e-05 -6.155064227063195e-07 2.1761996781816207e-08 3.2679881278521683 0.3917382396758822 4.616451534102829 3.913118401862802 4.18996555178811 0.5643458983376982 nan 0 4.847795549305437 0.54142245006901 0.6166813088735896 0.04458050389360084 12.714062708155849
2460624.8335913285 10 13 0 -2053.531543390622 334.7408390742068 559.0444092250174 51.06552596129678 -0.0032688009179096026 0.0009992988052085659 2.4451114482871405e-06 1.9809805343532132e-06 16592.678678965684 0.01882687697064985 0.05230487682705399 7.739395781274658e-06 -5.76677383224128e-07 1.6460330238891616e-08 2.5599126013701294 0.23845809141710508 15.965377177496945 6.425338075545561 13.165304224049063 3.1100283578430874 nan 0 0.08429107009834765 9.056121042092993 2.418752351324765 0.25163668535082895 14.159877682157044
2460624.8335913285 10 14 0 2436.776909706319 267.1403927251144 1163.4219387685434 67.30613468910168 -0.014495415301801668 0.0031216090082194733 1.4776779169934311e-05 6.495079570825598e-06 16704.933188305986 0.015369267668290327 0.049798763529935564 8.981956599978127e-06 -1.0395834585463082e-06 1.9266561615244117e-08 17.949792417904746 57.0338234143473 20.29267561887928 5.260008562830473 4.843579819934888 0.7482300568741502 nan 0 -0.00044522081345732545 23.652216601399125 0.9676792874177398 0.07416998152125183 14.152235268892177
2460624.8335913285 10 15 0 -1501.8818074336268 376.4404488410645 1147.6829482836117 145.87214879267788 -0.001459378233633773 0.002021397391328241 7.729983961625127e-06 4.6136924153952625e-06 16973.76425065179 0.021137755854725167 0.056425159956169424 1.0541332930934845e-05 -5.473597867986975e-07 2.195901847508108e-08 3.622507533975768 0.46343671263655467 12.099064827059191 2.40689387466569 4.6008438001209075 0.9555413968776068 nan 0 nan 0 1.1300499168677827 0.18574687037826978 13.033567960087607
2460624.8335913285 10 16 0 -2277.3317419726263 230.90747942579566 1482.1146986603917 192.92155951392203 -0.005891249999878216 0.002393770337356491 -2.9231677119869866e-06 5.0511997982900405e-06 17094.74641140967 0.013664405504423563 0.053845760829246705 7.300548986827811e-06 -6.518959048673537e-07 1.611057834119327e-08 2.8463238317380055 0.23423767166552428 7.7439736831860415 1.56186542969661 4.722279320027478 0.8163141060631868 nan 0 nan 0 0.7849131019787228 0.1444438823590445 13.58627914088851

2460600.758799942 11 7 0 -2532.2198153383597 168.19021763077478 3327.757657640748 508.6122800674673 0.17370978626148031 0.026065219449676484 0.0002489966169408497 4.08736771685991e-05 15671.3562053191 0.010802858026210508 0.04949145245691387 9.19549560238202e-06 -5.611138631199689e-07 1.683122273115851e-08 2.106885334373893 0.10813533180941674 2.7984210673272583 1.7278278058305712 nan 0 nan 0 1.3633383768757585 0.2811988954376639 -0.06255315290341468 0.04529920440135323 10.242960269054718
2460600.758799942 11 8 0 857.2980971625971 175.98133796372738 8013.501779543121 3967.9582305310255 -1.0106299973460822 0.4644824517481329 0.0049677825913863735 0.002450435996365834 15777.182972050337 0.006631307538256573 0.046998390685584646 9.296035602837693e-06 -5.63154055212587e-07 1.69234186105912e-08 1.9697568463850372 0.11843174134605641 0.041744097952940706 2.006871875620301 nan 0 nan 0 0.3397379699002365 0.18814565600228397 -0.24247063048529555 0.056766180932315426 17.302389672619928
2460600.758799942 11 9 0 -2322.6027438969363 137.6027187986579 5172.464342314223 933.5763933723002 0.23825164966071574 0.04734349463605251 -0.00022601315696598817 4.933651261423673e-05 16004.506671123698 0.00500704691952543 0.05325044112411748 1.1768040625093008e-05 -4.877974618746192e-07 1.786221393000314e-08 2.1006885734531218 0.09172503502129024 0.968398251233904 1.7678874496312367 nan 0 nan 0 0.7910845255421985 0.185649073382578 -0.1425056796400954 0.03828759661908039 11.787850400905317
2460600.758799942 11 10 0 -2174.9837987352907 125.7163392578322 5591.595769799217 1135.907851051934 -0.1854719300712457 0.03552147979436567 3.9297329134353954e-05 3.5814317305470926e-05 16118.856286078526 0.004723442605466513 0.05087857637151661 8.832030665651929e-06 -5.594033757016214e-07 1.4211470117886899e-08 2.003956972078036 0.0883460215625226 0.08230350370306752 2.0403559997337988 5.992294811076227 7.1687127027751 nan 0 0.7526958937596145 0.19276598732969832 -0.15011431934640668 0.04102818916362004 13.304161203892559
2460600.758799942 11 11 0 -1435.9539134705944 1521.6601683484876 2847.296301340749 1236.5380303605505 0.03152366250894056 0.01969238589862597 4.3440609647512e-06 1.3722964928227261e-05 16227.695106524376 0.08277545062136804 0.048287866269562656 1.1111500811890201e-05 -5.957574652951545e-07 2.3813293238695384e-08 2.7643759104117915 0.37769356666493353 4.475709375311826 4.854096274863684 -0.0015714569363082034 1.1091722393288763 nan 0 0.07224873538935063 0.8958733587620659 0.05384238150986777 0.17469004067486932 14.560497937258548
2460600.758799942 11 12 0 -2110.6685783579087 198.8023206622863 1530.1501193981435 65.70855789669314 0.023247380356749073 0.0045683471490650124 3.946082066950906e-05 9.57460065379132e-06 16475.030997401376 0.010459315358327106 0.05479419777864658 1.017184560828357e-05 -5.722998500232875e-07 2.1845321566312455e-08 2.4590679985405073 0.21845165833834615 5.987170165538873 3.8187895238867107 4.873166033474319 0.6156911669413336 nan 0 5.424699607612376 0.5385177622150674 0.47750407987546306 0.035078588945859614 12.99399327547752
2460600.758799942 11 13 0 -1883.4564954597606 291.89115294076595 580.7238785848587 45.3691484569936 0.0003297087377963939 0.0010980560818564082 2.410865260342414e-06 2.283039260564156e-06 16592.688851482224 0.016444307216831665 0.05231265450887983 8.263104655263665e-06 -5.621435940222697e-07 1.7970692655896823e-08 2.2107020155725183 0.1941209484988152 -16.002692118741134 5.585049807303367 15.015413949581756 3.001878563129374 nan 0 2.477842667472599 7.880559490193256 1.8727142457030377 0.17255605318374131 14.226208864364434
2460600.758799942 11 14 0 -1317.5369921349716 206.33789940863872 1227.3631120930063 53.205172594457785 -0.01752563795003054 0.003934027030169059 4.067514701509184e-05 8.00749475862109e-06 16704.698194405864 0.01217838153053257 0.049689130419933475 9.440230690814683e-06 -6.995071177324192e-07 1.9459814924314467e-08 2.9634922031057442 0.33520622713535847 15.550679551331985 4.560292212768875 8.544412050374952 1.0680208220467005 nan 0 0.2272246632182271 21.30904881932203 0.7153711116366214 0.04470462267640794 14.481341451724205
2460600.758799942 11 15 0 -1632.2912584967653 320.0443830671997 1046.1597958569446 122.3006292028246 -0.002325263468817542 0.0020312397478815564 1.4394453925883379e-05 4.857300129276328e-06 16973.744780814526 0.01797609753282916 0.05642324436391116 1.0835564575606518e-05 -5.318733624374703e-07 2.246266249277501e-08 2.830630036848182 0.26515680096798266 14.078332740798357 2.6205601169143278 6.501732503328965 1.1624421074060223 nan 0 nan 0 0.9676492367344764 0.15188030985765041 12.94513026092988
2460600.758799942 11 16 0 -1994.8183161236225 183.98337498025842 1595.6925310933602 165.01880173579943 0.000977112713702125 0.002963223142872391 -1.2172179379607835e-06 6.134630778078039e-06 17094.771537882196 0.01063329247220369 0.053843998859061985 7.875628417400477e-06 -6.456102069506652e-07 1.7084350526291393e-08 2.1616240164714515 0.1458449228394742 8.053026903637239 1.311218722818372 3.8974409737767233 0.5685182407939362 nan 0 nan 0 0.5227261315154993 0.08763904659171451 13.73060488572397

2460604.821429683 12 7 0 397.60558738699746 717.9621147525781 237.742085695261 1569.6522306190532 -0.0033165252426132505 0.022847502645553207 3.6765285438851765e-05 0.00024229768210968258 15671.31344636035 0.03758651452347814 0.049614171311696806 3.381204426489735e-05 -7.824742573085749e-07 6.444851012418097e-08 0.013645559357294187 1935371.6533828543 0.06078707914311149 21.371729917031296 nan 0 nan 0 0.3794434476422559 2.8622852548847466 -0.006215317245627276 2.3248825859437225 65.6238283288833
2460604.821429683 12 8 0 793.3728977301055 201.0553084797687 592.3378984854731 662.9885095997738 0.045717456704989605 0.055681018332293615 0.0003583958689272326 0.00040175812389050793 15777.121017292133 0.009625751966064014 0.04699326382758963 9.01593432065522e-06 -5.386683655683876e-07 1.4415462368504377e-08 0.0200761096580138 427.50097843251064 18.6334448545976 28.42813422545571 nan 0 nan 0 0.5245137257844217 0.7354049272302475 -0.060284184490426315 0.3328539080520347 40.39239536402421
2460604.821429683 12 9 0 3267.146459919183 679.2664498637072 445.57571983512156 408.1458076150516 -0.02479629453641781 0.027439323405298525 -4.7017714556526983e-07 2.8147716087876103e-05 16004.49267326474 0.02773802875789023 0.05305408317197405 4.169111867476596e-05 -1.3775126929385492e-07 7.081175401613894e-08 0.19247785087396047 1.0829012403264027 -0.20452015189642503 27.670542538109693 nan 0 nan 0 0.9674117361543167 1.2892068690996643 0.024229954524111887 0.3482636198619639 70.70186715858921
2460604.821429683 12 10 0 -4381.121865971904 426.6943940145992 503.96521239554266 616.571196341508 0.00944863365891224 0.01834785397928042 1.82745278525943e-05 3.3285875940788725e-05 16118.760112764154 0.018293130594564735 0.05081312964049485 2.554905422113651e-05 -6.685635615504144e-07 5.001130736862633e-08 0.017615286760122365 17841.3072894312 0.0038402752168634757 25.44437471640041 75.30538171657251 130.82883927678157 nan 0 0.6377945026776461 1.0205602713265083 0.0013382399470556463 0.43277548961935774 48.677944319294625
2460604.821429683 12 11 0 -17764.147221632404 1374.2144200625658 197.72743963239566 1021.3623028684761 0.00023055165899392812 0.011728555641658455 5.718252755404077e-05 0.0002969931204013437 16226.948051816817 0.08250839950672119 0.04856583609002436 4.522762336759281e-05 4.2893507131572596e-07 9.292318927756046e-08 0.02146263318739861 942.5479348224768 99.19206811276256 608.3328122278147 -1.5231147237187557 18.36668851614925 nan 0 -2.2199146574181046 16.23073668596376 0.014876282811438024 1.8784971870273437 90.9225152876482
2460604.821429683 12 12 0 -2033.9849015074449 inf 149.66095557799179 inf 0.05553756783081465 inf 4.037122494066338e-05 inf 16474.990306352152 inf 0.05486376613234227 inf -4.1409717748945784e-07 inf -0.0006624034153868141 inf 0.0094933721608077 inf 1.91645435456536 inf nan 0 3.411325963834225 inf 0.1590063489609155 inf 87.41386430472947
2460604.821429683 12 13 0 -561.0050863175985 531.9980828024712 259.50659506756057 50.40557044089609 -0.0014246164359243807 0.006918975573913335 -2.624549043044797e-07 1.463393739365244e-05 16592.76494455331 0.025890824587872837 0.05240773831586886 2.814353060735365e-05 -7.945152937619199e-07 5.102290441224105e-08 -0.022538724681839803 113.60246133749847 4.852723492960998 10.175811883209457 1.739257681594961 1.1319149388854937 nan 0 25.51455479634424 17.874228696860285 0.037377979916154484 0.07217132098620194 58.85370975544224
2460604.821429683 12 14 0 -3787.7851462198614 570.2815693162224 270.02331164045995 52.48401399117046 0.02626864461940673 0.00925719284311841 -2.1273864124262845e-05 1.7780482548308185e-05 16704.378893368856 0.02763535743370878 0.049183083629539506 3.3067859322637096e-05 -9.79041019830005e-07 6.282536120387546e-08 0.01684535699584588 178991.43870216544 -0.9406907448354698 12.89547749626647 0.35893042805581343 0.43961147837465664 nan 0 0.15542900281767602 62.63502856098307 0.10193741951589758 0.08060229205196986 59.773960090284426
2460604.821429683 12 15 0 -7887.755375243448 1922.388931077278 922.5181939301547 155.85796437143404 -0.06636326558682261 0.03864602973002733 0.0001615435247970429 8.195605193103785e-05 16973.254434357204 0.04106864688027213 0.05686812479957894 4.629949861353158e-05 -5.258964129256496e-07 9.611692645649635e-08 14.3026477062578 76.62918655661377 -0.0009738623484286946 1.1313209423693253 16.129468038810614 4.117606087056624 nan 0 nan 0 -0.21038663309169517 0.02053556332201365 84.14412649877397
2460604.821429683 12 16 0 -3747.035737468721 inf 108.33150748774037 inf -0.008941819374856988 inf 5.073441346808362e-07 inf 17095.038369723996 inf 0.0550646130846792 inf -2.4632660031890563e-06 inf 0.0003474244385749392 inf 1.0123441383243654 inf 3.701857759467289 inf nan 0 nan 0 0.004366424485201536 inf 84.8809292903844

2460280.813205721 13 7 0 -3126.144627424246 129.90067042380497 8600.580201298004 2108.9505928162666 0.43139135123182637 0.10995196601186259 0.0006086411469952691 0.000154177600117013 15671.338683431139 0.008765636521427108 0.049530763270047844 7.232057798526641e-06 -5.745562158260431e-07 1.3646894400774497e-08 1.4957221905475182 0.07047255851525719 0.020618264848558082 0.7482915101129652 nan 0 nan 0 0.46240560962326016 0.1284942454820172 -0.20142265581907112 0.03848648241831032 9.765735204833897
2460280.813205721 13 8 0 -449.0571088991563 201.99010982408078 4870.660741401325 2513.422067297845 -0.7140442238696261 0.3584968209172604 0.00301255253211904 0.0015520059470403036 15777.20899233103 0.008858006107798024 0.04700666329767576 1.1072588716679964e-05 -6.463306852117794e-07 2.001507389165316e-08 1.4665275163200866 0.16219644706571376 0.00956241864243168 5.67628694221435 nan 0 nan 0 0.6871142392049076 0.440722429024193 -0.0769303615625556 0.14477778212268572 18.1842069819961
2460280.813205721 13 9 0 2860.7716174502116 119.53079716143803 15263.819140751442 8565.776195743147 0.3672166166320447 0.28549064658143136 -0.00031870294827987923 0.00019061716641774557 16004.49945512182 0.004886579458571037 0.05305870781945862 8.346329097678136e-06 -2.646846235845556e-07 1.3843300107710149e-08 1.122194609031951 0.08174859621811424 2.544217749214746 1.6038265838526145 nan 0 nan 0 0.17516214163963387 0.10560284389974943 -0.2551394484534069 0.0552385426265447 11.627169448956407
2460280.813205721 13 10 0 -197.47433706138312 108.70796864675667 5334.379722645807 1217.8744631398808 -0.1517523072351523 0.03326744665346366 8.553327534984043e-05 3.892541933694102e-05 16118.867134339234 0.005393818803139702 0.05097525112879018 8.253339497370912e-06 -4.775124455444077e-07 1.4698539790945233e-08 1.3925571856400645 0.0876378388792985 -0.1227039777014905 2.8015551590930534 3.5972425755373183 9.30573619719275 nan 0 0.7517341009630144 0.22073617068962922 -0.0671375938290848 0.06507931126255435 13.386417502410167
2460280.813205721 13 11 0 1902.1270773406084 1075.102397608049 4071.420178498887 1336.9420297840406 0.019561909261748268 0.01421823883046942 -1.9960371647277273e-06 1.5011616395948413e-05 16227.91685671979 0.05844121841420553 0.04828775314750076 9.030360505102068e-06 -6.782938740163169e-07 1.9280487722693594e-08 2.8825353561798224 0.32540100789371385 1.27246589715149 3.234719898858317 -0.013825242971941626 0.8218920278093911 nan 0 -0.7959632165352282 0.7528429889497872 0.03768093797287013 0.12678165548814407 14.119551569385333
2460280.813205721 13 12 0 -2084.3200413897716 233.98379245863217 1420.5800932050383 77.37955900325031 0.014634176873398038 0.003354030730727645 4.049617297259686e-05 7.212315025571698e-06 16474.996318993202 0.0137188283369191 0.054798508596840156 9.392453789029871e-06 -6.083294932571881e-07 2.0752151309011378e-08 3.375212192449844 0.4168335482225081 6.435101439616554 4.577035351757994 3.961113215917577 0.6274684315732523 nan 0 6.306180533359978 0.7537293496832392 0.8754437197071789 0.06611423906571659 12.910743615608776
2460280.813205721 13 13 0 -1911.91700519679 284.84975760907383 674.2544789364746 52.94017966104992 -0.005840541076464248 0.0011214996316647155 4.25920818881262e-06 2.114249150712617e-06 16592.71017452135 0.016094034471282128 0.0523234677188475 6.970238892783623e-06 -5.598175667234317e-07 1.4280693818389882e-08 2.4359948278445507 0.19083586867978147 -8.643678885652427 4.754175230491055 11.391866119872516 2.3200878025399763 nan 0 10.410614801520017 7.968993183523214 2.278930636322034 0.20529942688579728 14.089408066840509
2460280.813205721 13 14 0 1831.8212156584455 256.9414457530529 1009.3528115263313 65.34745199487615 -0.00135396800399409 0.0023170911372248893 1.6606437595271227e-05 4.721463729811706e-06 16704.965804078398 0.014391789262848575 0.04976919959219422 7.090720072287062e-06 -9.792878057596024e-07 1.508507067267383e-08 2.1362844468494515 0.1671702898661627 15.390324623957152 5.169071516927378 4.9740161693124545 0.8414012178456682 nan 0 -0.09380249357034898 25.21906983023705 1.4041305421197858 0.11125277092998995 14.285222552189095
2460280.813205721 13 15 0 -1910.8191233361354 445.053174710998 1443.7264000109801 158.69309655216247 -0.003448237132178023 0.0023098158305700357 1.4180616852958186e-05 5.478085087364938e-06 16973.736324059908 0.025059156747819496 0.05641451963701866 9.853562675984225e-06 -5.186680323466872e-07 2.0553273152826515e-08 4.47372072575045 0.7479981856024048 4.896663067446921 0.8800396854770907 2.581868634933579 0.5692167793095932 nan 0 nan 0 0.954932245998795 0.14130614691159138 12.785330458190789
2460280.813205721 13 16 0 -2296.5543951847903 278.68240745308304 1282.4563825925893 232.89970319465982 -0.009489665410561503 0.0022813641500926555 1.3346064597842998e-07 3.916999122603523e-06 17094.77733732875 0.015961133532707835 0.053850499004062274 6.397318042791849e-06 -6.590483632640106e-07 1.4137221063844244e-08 2.72078263965896 0.1863910700244704 5.214102715796893 1.3985685897126374 5.749919885180799 1.3197581896501807 nan 0 nan 0 1.128585562723692 0.2639167346342878 13.544024928304237

2460285.8067494896 14 7 0 -2324.148702535259 141.35813571538276 9460.88006916685 2355.2878827980667 0.37100565527894225 0.09880594014949083 0.0004615585801811342 0.0001232317665302292 15671.380218795619 0.009671349677812037 0.049477807030654124 7.691225808979653e-06 -5.768763493044722e-07 1.4861488218028891e-08 1.5525108276979318 0.08221949167456052 1.17597664908855 0.767812448422696 nan 0 nan 0 0.3778770841521951 0.10472019861881009 -0.2106366834607482 0.03677321944839061 9.94054656561419
2460285.8067494896 14 8 0 1173.0105543100374 178.6678572393029 4685.81484844081 2112.2960361059054 -0.666078544433972 0.29179648658749924 0.0027037084935762515 0.001216494988899471 15777.198002870513 0.007105752958135045 0.04700548040825708 8.176581995427496e-06 -5.889931385725324e-07 1.5535631982359304e-08 1.5317962720816045 0.12192451650908377 -0.044154047459094625 4.049890950715238 nan 0 nan 0 0.6122541281858155 0.3350027817753676 -0.07897413850076095 0.1254951821206148 16.474673933488372
2460285.8067494896 14 9 0 2049.268049017389 117.69517148408909 7876.445526554432 3543.5685988470086 0.12431790481122725 0.07359635105799828 -0.00020277942131952142 9.608242376755938e-05 16004.521552850496 0.0047162823002432006 0.053071504461400895 7.435358325055961e-06 -2.753193344475124e-07 1.2398529694058641e-08 1.0649620702406928 0.08441182753979916 4.282368354609618 2.3248920253154934 nan 0 nan 0 0.3334304160183701 0.17041552750259334 -0.16499935721593836 0.08491865501136178 11.856729980265591
2460285.8067494896 14 10 0 586.3426844920521 116.6611375757678 6578.4474868832785 2442.5795056949983 -0.1985447385523555 0.06393310665110293 8.456913365613225e-05 5.008329159986051e-05 16118.878469571286 0.005439466932857951 0.051015637064265665 8.131785362060899e-06 -4.524471554348397e-07 1.3881122795242242e-08 1.3761220950787507 0.09474462141813897 -0.1349737650231141 1.9787099931273264 -0.0023557634255000764 6.766488713613776 nan 0 0.48397277646084175 0.21197452529725638 -0.13007911174533812 0.08227473838730304 13.512267587176307
2460285.8067494896 14 11 0 -865.6481611994116 896.1404721187729 3995.888983223863 1242.189857859984 0.010958368001162778 0.011339675214731806 -8.649804041844172e-06 1.4245234507055601e-05 16227.76732241315 0.04852005642779434 0.04829006258987446 8.692935576451947e-06 -6.35975252151265e-07 1.84959164979061e-08 2.6029645567815183 0.24757565230724746 0.7439426642310489 3.090395023723999 -0.00596587518835609 0.7755045167066034 nan 0 1.8115938917190835 0.8662703423575218 0.03106267474381958 0.11796828568975334 14.070656159215488
2460285.8067494896 14 12 0 -1777.2764754655304 217.98719067361492 1420.6175146193168 70.97141124038315 0.008441132005659978 0.003275231611440187 3.8695647089293825e-05 7.088271703118183e-06 16474.99632030745 0.012330365029543345 0.054799315768996194 8.838203028870646e-06 -5.521785053285494e-07 1.9532727038624917e-08 2.6515766433814005 0.2289948560245066 -1.835380117677635 3.926453267047018 4.178371817198855 0.6167693408693853 nan 0 5.877297168801998 0.6642517830143466 0.82899727706463 0.05829425162180272 13.198774494499894
2460285.8067494896 14 13 0 -2276.3880328373157 338.8189614360513 538.9825384422821 50.442852609791906 -0.006100555366394863 0.0009981461328841278 5.8303368200642145e-06 1.729976301666551e-06 16592.701506463072 0.019193154010584607 0.05232341512092617 7.081592234330296e-06 -5.707567642761727e-07 1.4491350461843235e-08 2.77544485473921 0.2523815472704374 7.909280744917444 5.575060425597487 11.939911184146302 2.871185579170636 nan 0 14.080406501124488 9.731754218839455 2.738745427939554 0.2877534637102254 13.9894404968322
2460285.8067494896 14 14 0 549.4521756226591 246.77854521895867 855.0651297058506 55.366271637483656 -0.0023096231864691125 0.0018394574661574322 1.373021238325079e-05 3.733011878754616e-06 16704.858487019912 0.01395470319641733 0.04975636965763359 6.567323400418918e-06 -8.919456935344746e-07 1.3986142887423016e-08 1.9730779302488428 0.13972616304128194 16.61402178406866 5.419219490060974 5.6901129417412175 0.9829540418668431 nan 0 0.06738638148383419 26.045036852693716 1.6032241546047565 0.124187514848297 14.15060457974031
2460285.8067494896 14 15 0 -1329.6167081688925 491.54277292852424 949.3991448734431 148.18027402766148 -0.007778951350411589 0.0019292077024911903 4.573895522920037e-06 3.467158095092769e-06 16973.778145145272 0.02771568486617689 0.05641389588635983 9.739149700517434e-06 -5.352466506171288e-07 2.0338355958159756e-08 3.3442894837670467 0.3494757900693718 8.4488790468647 2.0347857752936087 3.1862218606811905 0.9195568718794764 nan 0 nan 0 1.5769513578221999 0.29780442608005325 12.898470715500013
2460285.8067494896 14 16 0 -2540.2428367323196 325.809034182824 1451.0866498368384 258.11070516176807 -0.008956081395703606 0.0024970645573685847 -1.3116623972155674e-05 5.6607072719178674e-06 17094.762396916565 0.01865152566586112 0.05385622449260557 6.9643017290286765e-06 -6.256728212118675e-07 1.5330558854118925e-08 2.906704025320414 0.23570338822734674 2.7773289202988787 0.7126167086055254 4.600750900895205 1.03358056383682 nan 0 nan 0 0.8874081984156269 0.21551047053593836 13.747354707804638

2460300.7913322095 15 7 0 -1490.01493359111 237.85651864369777 3411.501288246418 1428.4597413999595 0.08270953596935277 0.03566999531133886 0.00011452076107349835 5.0737328411155474e-05 15671.418500804937 0.013641452042455643 0.049443004737823426 8.243754024806354e-06 -5.97150584087221e-07 1.553164340398338e-08 1.2271327132632655 0.10298753500733135 0.04711994139448594 1.7656891835092465 nan 0 nan 0 0.6699715066309925 0.3312592371466846 -0.04085465750008697 0.13298606762880763 10.69732383716866
2460300.7913322095 15 8 0 -154.06778093349146 226.15727654936364 2067.0648788796193 981.2698446687373 -0.3372172279975994 0.15851700406934252 0.0013597090501442728 0.0006474122911268732 15777.256387749225 0.010550809862354574 0.04701464248621357 9.258022753468436e-06 -5.86232537056348e-07 1.8678858553850256e-08 0.520495056079212 0.15537692892306335 0.5371335136707485 13.884438323429283 nan 0 nan 0 0.9163258988765551 0.5983886276976649 0.07206809211896383 0.20429296061725727 24.052809791727782
2460300.7913322095 15 9 0 -202.99326389814235 156.2075880531819 9765.874053098332 5586.7353106512555 0.2662999196528103 0.19469991595451505 -0.000159889328579775 9.812054073501936e-05 16004.495101533103 0.005251317816380279 0.053180126082663544 6.528984223140231e-06 -4.0758832426820496e-07 1.0368591914321561e-08 1.0069709191155423 0.06781318366998894 1.0349035484380094 0.9066609538040813 nan 0 nan 0 0.1857823745863449 0.11369745250117723 -0.23415060171613483 0.0683139413668797 12.100973575916345
2460300.7913322095 15 10 0 -452.2845988168982 190.99411136591175 3532.430753552044 1512.4478531726734 -0.03702618621949321 0.01620668742508086 1.3435389923785398e-05 2.6328666653654832e-05 16118.864560749409 0.007322273735934084 0.05092311657538086 8.495165448379251e-06 -4.983170999955907e-07 1.3840371154996373e-08 0.8686167481674293 0.12023685623639338 -0.059855337506417895 3.7789424829813894 8.277647604489596 13.4788239977162 nan 0 0.641220248080497 0.3359064855540115 -0.007157536831426952 0.14758246706908587 14.777993405427617
2460300.7913322095 15 11 0 -8805.382596136134 1196.617638466571 3537.3925654151835 2565.2790775841727 0.046935419449392175 0.048462267460278506 4.1376676965390095e-05 4.6472891558521005e-05 16227.293755474382 0.06671803610152297 0.04829156718660722 2.1273426169183437e-05 -6.870947127672429e-07 4.5291984444301525e-08 2.3119634332226866 0.48572926309444364 1.2865881871869143 7.608775900299472 0.005774656319295093 1.8264352998769073 nan 0 4.353996181430893 3.5277932847193623 0.006064715090930888 0.25707881107725783 16.15887453323668
2460300.7913322095 15 12 0 -1554.9381076749676 257.44984079185133 965.4006785431279 55.99977557268921 0.017739940428406577 0.002426119772038122 2.3039037874564386e-05 4.832557558247884e-06 16475.015469599934 0.013174170599367895 0.054777036536241906 8.375212506269135e-06 -5.652253044883006e-07 1.819586082393777e-08 2.146560925235462 0.1696747992423217 12.364992432795123 5.120143117017258 4.265832194297097 0.7343415581632403 nan 0 5.931889306505582 0.7738562654554388 1.0561424010867262 0.08082820758683225 13.410832622916658
2460300.7913322095 15 13 0 -1273.6907780470544 313.2704281814022 572.8918292090651 50.51645313872526 -0.002040223992514512 0.001077990113573214 6.1101222904199915e-06 2.2287179110021106e-06 16592.715290182674 0.01764413096624838 0.05233802348870773 8.18662677218455e-06 -5.436133296895848e-07 1.7091937602713376e-08 2.115199451838908 0.17750534424250416 -2.389069335103604 4.417022500094418 9.330639652152263 2.180611584182261 nan 0 37.112126776766296 10.049941690126762 2.005094954358564 0.20641240173642283 14.20212948799053
2460300.7913322095 15 14 0 -987.6834552909124 269.2340245561738 725.2706019847033 51.606803726571165 -0.000501711874840177 0.0017484487323840042 1.1785476454810157e-05 3.5277408643157757e-06 16704.783851444165 0.015168649397166082 0.049686350343673615 6.842409604907108e-06 -7.421643584205139e-07 1.4362258361993512e-08 1.5990704661986992 0.12182549953120947 -5.690313786947036 4.994902698499897 5.898725949844929 1.1155519846237076 nan 0 27.41992175329494 29.212679820900846 1.6021088957839535 0.1364017130683804 14.304185342535977
2460300.7913322095 15 15 0 -364.8122863179068 434.2407030024521 1220.3405094971272 167.4212751555397 -0.0029256159082985704 0.002844852498090959 5.994106737006142e-06 6.268331363404845e-06 16973.768277876472 0.024049551994804075 0.05644351318524737 1.3135818534082466e-05 -4.2300802211824866e-07 2.7849715854998365e-08 2.778798550523661 0.315050438852844 9.06238762208343 1.933644245736995 2.94502298226964 0.779689808101814 nan 0 nan 0 0.8525537545184707 0.1623939702623401 13.394753335906964
2460300.7913322095 15 16 0 -1889.2925474579872 332.53473755871795 1677.159517789115 243.82714814110082 0.0011727982923103839 0.0032383184402917232 -1.605922454310309e-05 7.283107905688511e-06 17094.767306316247 0.01812642234647097 0.05385478742395161 7.978358822289094e-06 -6.610439263593405e-07 1.7277863018322577e-08 2.3790897290834945 0.1923932249134627 2.774291857460913 0.5815344828724959 3.069737144389212 0.5971118991501616 nan 0 nan 0 0.5167634614513748 0.12222506601268406 14.015522574051595

2460230.868964207 16 7 0 -2023.1842309576864 189.05167428872608 3783.9973440069584 1075.7226150369322 0.20365577629177933 0.05792407971336973 0.00029583289759182573 8.608821327109541e-05 15671.482786864728 0.012789961270346293 0.04950336413974227 9.996221299102973e-06 -6.090320219112027e-07 1.9332360405848253e-08 2.02704864917434 0.11808618730485693 2.4535183157823037 1.6160088807575612 nan 0 nan 0 0.8067567039838556 0.27903633851234233 -0.12594703351311543 0.0661248839662755 10.492658723060803
2460230.868964207 16 8 0 -1329.346345440433 268.29073050931714 3253.733877192661 1705.0941113398703 -0.42440958547111823 0.21545754575166606 0.0021723253574446907 0.0011358923379854455 15777.24307346397 0.01129496912929657 0.046992885910417434 1.4745051103623351e-05 -6.093853776426286e-07 2.6726292414420496e-08 2.142744900979726 0.2168680878232729 -0.07431275143966393 6.434466265481955 nan 0 nan 0 0.7667420283235105 0.5089784544026419 -0.09718683535504098 0.13643982292019055 20.128204675616047
2460230.868964207 16 9 0 -2159.7074937558987 156.64733280849225 5506.751458314713 1842.2969590193243 0.2316405313857187 0.08639220695879841 -0.00022225708644136666 7.922584594295898e-05 16004.558995290547 0.006154511828260876 0.0532673860705978 1.3251323415963372e-05 -4.967191799257088e-07 2.0784252170531198e-08 2.12902335027046 0.10754042107430521 2.2762867258556145 1.770915588950609 nan 0 nan 0 0.5164709567402983 0.20746650100668332 -0.1822523262765096 0.05747081795139789 12.089794630305528
2460230.868964207 16 10 0 -1577.745763338458 141.36588592797926 6629.946232738925 2608.7696511746294 -0.22440190799250295 0.07239372523500509 3.525535117325697e-05 4.634636300439669e-05 16118.915757118903 0.005730477470448828 0.05089744446605169 9.999626489173182e-06 -5.595805829291599e-07 1.625192888888486e-08 2.0803628304582955 0.09985015914583036 -0.07072396358171495 1.591802765541354 6.063493273003903 6.309405126848481 nan 0 0.43814249890747214 0.19892518063518205 -0.20528658503944874 0.05756920031387282 13.552898522966652
2460230.868964207 16 11 0 377.5913184189077 1314.4407698550754 2495.192218054395 1090.2511210923994 0.02496135566701405 0.016322288537318243 -1.0735356371369385e-05 1.2465921240043272e-05 16227.846149567153 0.07157780095467628 0.048273091725258954 1.1048744120178442e-05 -6.342269379172554e-07 2.3487484276825755e-08 2.209980830839242 0.2618661425528585 0.029844257175852762 4.630413554732356 1.8148391509328008 1.3676002469347657 nan 0 -0.1444607183903191 0.8818169710812769 0.054027816745935514 0.17584110252008545 14.625659737568153
2460230.868964207 16 12 0 -1871.2649984222924 225.53704833612682 1380.1795056293927 73.23517954739143 6.953243050656537e-05 0.004158462737951127 -5.429332048170015e-06 8.64030622515646e-06 16475.07111342461 0.012129010140265158 0.05479400926498734 1.1145213837201428e-05 -5.780593971136484e-07 2.3928615148006353e-08 2.4612555712315958 0.23912591195150262 0.015443983074231227 4.27478812825631 4.555675916304493 0.6997235948367934 nan 0 5.595687453538469 0.6660545295885246 0.6085835614106142 0.05028807039832528 13.359751057602717
2460230.868964207 16 13 0 -1953.6767007204685 325.2311632014294 458.5884906056464 42.172526160217366 0.0006109802905814127 0.0009165939356830514 6.967774295195535e-06 1.989716792940742e-06 16592.724128230428 0.018124277247250433 0.052325271677933084 8.367504862980933e-06 -5.889508190223611e-07 1.8205766754343167e-08 1.7763514417918849 0.1526211827211897 7.574358295875586 5.759516937086172 12.178999244489647 2.954783150357601 nan 0 13.730256533897085 9.728377450622748 2.146354125237272 0.22824019067359522 14.203782378616655
2460230.868964207 16 14 0 -126.35629711288257 215.08679217795574 996.5307396016268 48.36031786982443 -0.009287404176691367 0.003022453639827115 3.916827713741128e-05 6.182796192885686e-06 16704.813763101698 0.012761597910030842 0.049700732365147174 9.13626893204206e-06 -7.682254369744983e-07 1.9172304700404366e-08 2.8489367413973743 0.3055942255836048 10.967908074548866 4.59377271538827 7.460705049426475 1.0323687062419633 nan 0 20.64790273613055 22.99630018582024 0.8322665753477012 0.055695546570979595 14.406789363499072
2460230.868964207 16 15 0 -2287.495100613027 562.4418693667978 909.8827570373664 143.39200800397293 0.006885112011574841 0.0021610482385070306 8.511868507606325e-06 4.3732675599964325e-06 16973.74071500261 0.032052666116436264 0.05642259790809507 1.215466635231181e-05 -5.149705179385301e-07 2.545255744277212e-08 4.874323594535128 1.1976002330204132 5.654435890953517 1.4633169980266298 5.0102523072280585 1.1941803396910406 nan 0 nan 0 1.0943960003481548 0.22456866922986757 13.177024537763815
2460230.868964207 16 16 0 -1798.740618555743 300.1558527836079 917.3684936265155 177.34177256536697 0.0028296880325022113 0.001912538009767183 9.754124903818e-06 3.732461107858841e-06 17094.81747376554 0.017703624005182533 0.05386629816390148 8.25961162312133e-06 -6.292652328276884e-07 1.7989804360243825e-08 2.4487588659357584 0.1996909359143836 5.998333051557056 1.7532125850314568 4.9672115411204905 1.2605792273402652 nan 0 nan 0 1.016952286598962 0.25937536395628874 13.69504328801622

2460370.536457152 17 7 0 -3191.536316306178 196.6248786687167 4066.430526856393 1267.539022357436 0.20921896751324434 0.06502279241871846 0.0002717816931727314 8.732510438130017e-05 15671.37611901349 0.013158542928363808 0.049551786574508365 1.0543331798247184e-05 -5.383814355418184e-07 2.0249549254406668e-08 1.8909792313255118 0.12307237019680105 4.4018245384167685 2.167771276029806 nan 0 nan 0 0.8299016166204548 0.3177006865159599 -0.10828447734594955 0.0780169093121015 10.592452913751336
2460370.536457152 17 8 0 1491.7060057363274 167.01651408754697 8946.224844269176 3657.399512236461 -1.26874541857505 0.4795036843426053 0.004906720526628994 0.0019951599656548987 15777.161100882537 0.005714535526248868 0.04699893736071952 8.767120153848982e-06 -5.634331733833956e-07 1.5949981116761177e-08 2.1348765630124884 0.11179322555848663 1.9563728346289226 1.9998884235282117 nan 0 nan 0 0.30469174007408945 0.13878678965422095 -0.25773951462583894 0.04061248876735831 16.997659472428232
2460370.536457152 17 9 0 -1442.7752369590664 155.04378925189985 4087.561507872813 839.6972176309557 0.23205598963078655 0.050651686236998596 -0.0001627338349925528 4.218561011453033e-05 16004.391395501163 0.0059747781441480165 0.05324290610257534 1.2857880986002563e-05 -4.634864182516016e-07 2.0398379556612915e-08 1.8803068400044833 0.10631504986150024 0.11028226584914763 2.4715567519586092 nan 0 nan 0 0.8807822147787044 0.2406963779960129 -0.08823445052997299 0.054773263403240596 11.899299340666927
2460370.536457152 17 10 0 -1610.7874704098256 226.5024789078642 11382.013224803402 8970.244351819085 -0.19672447886717062 0.0790834476811197 0.00014659889914086634 0.00017615932841102828 16118.860812568924 0.009696131566407987 0.0508791966575109 1.65256407939269e-05 -5.588285413866996e-07 2.5532993938891714e-08 1.824005899847455 0.13507077910488713 1.9597394381426405 2.090195248281632 2.05443704116226 6.521530605867091 nan 0 0.22881432296544152 0.1952815196708133 -0.26304229187724526 0.06963258624943927 16.100658245743503
2460370.536457152 17 11 0 -256.23361375918086 886.3331809168099 1461.6327764685227 996.1057796057693 0.007791833958683088 0.012742065089497736 3.607232522198041e-06 1.5462286955815337e-05 16227.810220132204 0.049893182385293264 0.04829125784323046 8.672965969392138e-06 -6.572030364069221e-07 1.8692076038680726e-08 0.4215462914420186 0.33337818240379236 4.0039718826974955 7.287670542668965 0.5365744451510243 1.6811783247519523 nan 0 1.1008201472433892 1.4678032662235985 -0.018034818623061562 0.22516373986610178 17.316042437606672
2460370.536457152 17 12 0 -1598.0857978327424 245.47399281870517 1262.1997496007846 78.69651735695922 0.019135237645734514 0.004536722553073244 1.765976617717927e-05 9.208896373117466e-06 16475.049691457705 0.013736661626684668 0.054776700936271155 1.2534103629421558e-05 -5.832024280880322e-07 2.6864718757296304e-08 1.93940255505499 0.19046256349837806 12.148707126319717 4.875921085421832 4.046412702715448 0.7497328185717322 nan 0 4.962783435263264 0.703227466378547 0.6530283565362927 0.06182915626431056 13.948332937991328
2460370.536457152 17 13 0 -538.326013751285 476.30020624699154 412.8006092239125 53.11757876921456 0.002299895394131229 0.0009188339359247888 5.077436946310057e-06 1.9082050367601336e-06 16592.72536329053 0.0263661501548118 0.05233565838086857 1.0162053488441227e-05 -5.613052862727164e-07 2.1861814478824583e-08 2.6254060531528394 0.31459288273882446 38.06613215479297 11.86657269973067 12.03606332599047 4.314332003921061 nan 0 30.925444924517663 14.455652349651432 2.6554803406081717 0.3850945106035092 13.959263171700579
2460370.536457152 17 14 0 603.2057988534311 229.4091916553917 1033.5389891627767 56.58678980044888 -0.015213249777036322 0.00350624037654287 4.8504873913165034e-05 7.2471033493899424e-06 16704.79548463514 0.015083900536397361 0.04967534904082068 1.1303205474542515e-05 -7.055023203593703e-07 2.402853176438475e-08 2.875953389373428 0.3584821052094659 5.212227613952197 4.605173358034476 8.087891579847124 1.2508036320893958 nan 0 21.008217534211628 29.389373430113274 0.8808663970267879 0.06553602568451775 14.406837309198012
2460370.536457152 17 15 0 -557.1846304866943 293.6141853160792 1452.5235428826968 138.8163409461685 -0.01277719069951855 0.0036859368861244125 2.7307528034238575e-05 8.207676848319137e-06 16973.638067190535 0.016579754539575806 0.056400174120527176 1.3353955054028322e-05 -4.942042699981783e-07 2.664896873848052e-08 2.7277721182063104 0.3003505847509076 19.514821728311617 3.217379766088658 2.23849409975885 0.5780802456851658 nan 0 nan 0 0.6886282199534729 0.09749751605875472 12.74097086916062
2460370.536457152 17 16 0 -1146.7706986701671 216.63314233131317 1996.5582764188268 195.82683870401846 0.015141209339974078 0.004862207007586975 -8.969844741441481e-07 9.024338012130455e-06 17094.707860904506 0.011159576646546612 0.05386273552371922 9.236345889882272e-06 -6.839712960981961e-07 1.9647710636107743e-08 2.3569319811714298 0.19859068026951268 10.054791214233521 1.484867447837893 1.990533665801111 0.36084857246390867 nan 0 nan 0 0.345730026034102 0.06575033310023046 13.559866554103776

2460388.6269674073 18 7 0 -2362.347215508352 153.05553629356024 3692.264457696854 464.40296583960253 0.19734661847279328 0.02459672422223835 0.0003441150263601363 4.642841867024785e-05 15671.340232670425 0.009055909426755845 0.04952188524507271 8.773238823093389e-06 -5.575374885119649e-07 1.4862215193351447e-08 1.7659794516481757 0.08679246496053462 4.390324826438666 1.6999102971316795 nan 0 nan 0 1.4648031865424258 0.2532663659244313 -0.08043667825398143 0.0350349326210273 10.406505396634135
2460388.6269674073 18 8 0 388.55959532107937 131.0797314635952 4412.942902794709 592.0889225338534 -0.6701417156967245 0.08824138547631834 0.0023825379210774705 0.0003222393281545487 15777.174134545026 0.003911924619958513 0.04699150499169974 5.8156909833862725e-06 -5.72105084840117e-07 1.0905677624630001e-08 1.7508420629968595 0.08529796987644582 7.394302134941187 3.6404391869697714 nan 0 nan 0 1.0714987479410445 0.1999704240032972 -0.12332293159444782 0.03152329588500582 16.184300360257918
2460388.6269674073 18 9 0 -2117.344735736853 128.75809544583623 5173.655875090434 622.4387352512849 0.24100486551393344 0.03352491352959749 -0.00019742242801555374 3.909283235622332e-05 16004.502791244422 0.004125842262274449 0.05327340009711675 1.0593108360878642e-05 -5.225370171794573e-07 1.594915304134476e-08 1.8381787713123412 0.07859911265634743 5.643085139731302 2.0270488742657693 nan 0 nan 0 1.0361423368271538 0.17167378546934267 -0.12675128020278048 0.027484746118340578 11.540925469912438
2460388.6269674073 18 10 0 -1405.1833052141146 118.35826688528473 8113.10073045421 2116.0557577836234 -0.21006827294308794 0.04582652199430032 7.619365928702133e-05 5.730376337579566e-05 16118.865317292462 0.004209910276095484 0.050882723632321485 8.530137966714365e-06 -5.597817364254949e-07 1.2533786969351661e-08 1.727648457215905 0.07274878848529828 3.4245089471231673 1.6418233241356261 -0.09990666201192266 5.398014776079481 nan 0 0.5473895065762648 0.17035729414336426 -0.2072736867635418 0.037675003955178164 13.560102515259148
2460388.6269674073 18 11 0 -3354.1641859246433 1006.6293535102188 3072.1320505304097 1265.9121312417292 0.042307390173779255 0.02373237007530288 2.452659945243916e-05 1.8011859066875007e-05 16227.580958737046 0.05472655817767732 0.048277383033323566 1.0614372761323385e-05 -6.538853163821715e-07 2.2591902230675298e-08 2.5151266592700723 0.30063701302739143 0.05421168358873485 3.8499973124097138 1.04017203158656 1.1020451215175942 nan 0 2.4751669519024606 1.3197947215586014 0.045551289507638835 0.16233230734885615 14.291471728828753
2460388.6269674073 18 12 0 -2045.3455027667435 161.90613161934704 1858.4763787482107 66.24453594773343 0.02266229375613789 0.005685188318008122 3.65737400249119e-05 1.1812855026836201e-05 16475.047008423473 0.00849920657237265 0.05478223274780335 8.826828841354702e-06 -5.666628408575557e-07 1.8793516649798838e-08 1.6086808202301512 0.12278918146930454 11.491920721675443 2.8753149319024893 4.6720332542711756 0.5057039706263503 nan 0 4.185804407220343 0.374497775229316 0.37180725069572523 0.025319355805279605 13.722899800986696
2460388.6269674073 18 13 0 -1075.2928812807043 267.36760777186936 623.5935128253834 45.4886991494485 0.001132759844965131 0.0011701079824754375 9.71159586899642e-06 2.4743321097475905e-06 16592.707430785507 0.014812731432718728 0.05231421107931203 8.295672870277023e-06 -5.474253821576026e-07 1.7814390470888834e-08 2.110280369467758 0.17482296576302633 55.655850367245236 9.213531344945478 18.504698635606946 3.5628896433298545 nan 0 36.82676589798109 9.277408502885717 1.8325844386739534 0.15834627241523727 14.136533556734882
2460388.6269674073 18 14 0 256.70470206220205 173.30360018146598 1489.4038147936556 58.07418473580709 -0.018359341653108173 0.004885953399309482 5.080569647363255e-05 1.009642832335248e-05 16704.739054284073 0.011028506893712578 0.04968505301637909 9.619297945065877e-06 -7.241282983795194e-07 1.971561736271591e-08 2.2901952628790596 0.19944491121689564 7.607253882934538 3.357755150903142 8.240854627657114 0.8843296127919908 nan 0 13.477404061983517 20.418981800399116 0.5737063634643081 0.03469265773036958 14.38841430040422
2460388.6269674073 18 15 0 -751.8177828413028 170.15210897455003 1965.3954155317854 107.83962303493307 0.0009923307821925196 0.004071649843548464 2.048442495760971e-05 8.793498748116768e-06 16973.7638431507 0.00908998609285465 0.056406161354906614 9.735837619839514e-06 -5.315578456374514e-07 1.9333585689281332e-08 2.151375957806298 0.1491446106090761 21.243621422787168 2.0415052672994767 2.518387553285386 0.36217423718160324 nan 0 nan 0 0.408835631393027 0.040614977107883046 13.121735877342703
2460388.6269674073 18 16 0 -1511.7900321482557 126.74032502154067 2916.223800181536 154.20342373084117 -0.003860457023362707 0.005538191068912386 -2.6993166520696463e-05 1.1800186404300385e-05 17094.789735639155 0.006034907117685471 0.05385622309619755 6.9058860947403474e-06 -6.452230375064392e-07 1.4372121983940204e-08 1.8578454317686026 0.10295919942599904 11.764726279937756 0.9630711117380046 2.5204768463933984 0.2311572196990128 nan 0 nan 0 0.16223605580634862 0.025739874411634583 13.710744950064788

