BJD n order chunk rv e_rv norm0 e_norm0 norm1 e_norm1 norm2 e_norm2 wave0 e_wave0 wave1 e_wave1 wave2 e_wave2 ip0 e_ip0 atm0 e_atm0 atm1 e_atm1 atm2 e_atm2 atm3 e_atm3 bkg0 e_bkg0 prms
2460696.6456115656 1 7 0 -3243.5809493104616 211.83622790485595 4475.171493293503 1389.6937162891813 0.19774540682862574 0.06365873006915591 0.00027923589244348247 8.981934771968496e-05 15671.343882670766 0.01279041956980667 0.0495427706409564 9.750376756796891e-06 -5.424343258402045e-07 1.7515156312403868e-08 1.4549363868485707 0.09802687920709795 1.1056074687143216 1.0745607317765702 nan 0 nan 0 0.4815230855793629 0.17076340784193023 -0.17927176828462804 0.055622101983773896 5.2270964187207785
2460696.6456115656 1 8 0 1766.1903679264494 131.88986004891825 1991.2782501817055 269.34443902332475 -0.32658568296576607 0.043452698398758816 0.001239039992012063 0.0001678526574148799 15777.205052801904 0.003412136355298435 0.04698026789213192 5.029950425588276e-06 -5.886966567698738e-07 9.235032096506345e-09 1.219287524001843 0.08368249754750319 0.007769145869213727 3.5438055857291344 nan 0 nan 0 1.0936864307933003 0.20432576791460114 -0.007248097866894524 0.047462047364968486 6.1082074175161605
2460696.6456115656 1 9 0 -2272.802810652133 146.44420639904703 5040.920081276553 1702.2360775760815 0.26598379129903504 0.09810934407208764 -9.338413437487489e-05 3.994785854837822e-05 16004.56482110461 0.004472089143546008 0.053280781127214655 9.439211897167121e-06 -5.7796858178257e-07 1.5266881730819142e-08 1.2926889974093358 0.07884451464774003 1.2256274092122212 1.2624478016057163 nan 0 nan 0 0.39965832533681805 0.15675000877153894 -0.1805422462121079 0.058526482451954714 6.358593808864728
2460696.6456115656 1 10 0 -1920.805837502994 119.80247582572048 8832.37367717407 3415.2475632601413 -0.09346206950795262 0.022433242064784413 4.076652753666683e-05 4.867057063487694e-05 16118.900810483905 0.0041413649452724756 0.050862713278976034 7.237869361659553e-06 -5.491063304127386e-07 1.0760366756635155e-08 1.2117819703158106 0.060654231857786824 1.7222863326617388 1.0008632590870012 4.227433859408709 3.59260492592382 nan 0 0.22309991541721572 0.09356099667265087 -0.2499276551346471 0.039232844421193236 5.367119558050141
2460696.6456115656 1 11 0 -2491.153838899892 1269.0435913029758 3005.3800687394587 1156.2295457848265 0.07705965310423107 0.03645437855665336 2.461859118375008e-05 1.9499111206833876e-05 16227.589782195548 0.06945719561638848 0.04828749432661668 1.235063032780701e-05 -6.693118772997811e-07 2.6506744479448052e-08 2.4576762720381957 0.34497242495262675 -0.12868026319613307 3.673325051074505 0.002611110016419567 0.9685206517465818 nan 0 1.3154064439369124 0.9434411669319135 -0.03619421117318433 0.12011407562310615 5.3096422815667
2460696.6456115656 1 12 0 -1560.3679121849011 218.91457251208706 881.7267157332151 43.80436245023477 0.032138428436325535 0.0028129425459758493 3.8690927199537286e-05 5.288749614808388e-06 16475.037455875405 0.011623379101795487 0.054768696401250296 9.486618938480914e-06 -5.715061530945237e-07 2.0421961770003718e-08 1.8069546665387883 0.15248649469105477 9.541145118658362 3.862583525059152 4.043777732529053 0.5987697528746962 nan 0 3.6060926010256007 0.4967162676727931 0.7530497974543767 0.054159582300284864 5.930904178646999
2460696.6456115656 1 13 0 -537.5172080166623 399.6142732994879 390.4066854272809 40.10876108692157 0.003984965243519709 0.0009136941086721703 3.59324379781638e-07 1.7005307842956949e-06 16592.722207103285 0.02183639215265184 0.05232371679370684 9.690399368478016e-06 -5.387631457325506e-07 2.1146619652584797e-08 2.3431754852651228 0.24265884072341773 25.625443572233916 7.60898080264513 13.27082267067417 3.751207968090138 nan 0 29.8638741340551 11.640101223302441 2.142610616175272 0.2547365221323882 4.426790893523523
2460696.6456115656 1 14 0 -2089.900665172928 261.6097083131068 703.2156208983358 44.105969379489515 -0.0018949336680837672 0.0019418521689716028 2.2546084454118453e-05 3.917047435330444e-06 16704.52111932042 0.015259546920309305 0.04961294039248023 9.40515820772658e-06 -4.046885378496407e-07 2.0095957198110848e-08 2.587693430947872 0.2817933553301712 5.861598730021832 4.327096487799489 5.947179140282687 0.9659241012203718 nan 0 -0.02532748838211918 26.387913686401294 1.1101033633617978 0.08941324048464942 5.193239323926692
2460696.6456115656 1 15 0 -272.3232026688811 345.8975908932385 995.0330060785963 115.2227362714082 0.010653273303315263 0.002735823196278672 3.9024761933192576e-06 5.263284265753747e-06 16973.758278244677 0.018892958860655472 0.05646064458958833 1.413531851139962e-05 -4.46018706489328e-07 2.8984479406132556e-08 3.108526100258821 0.4161130580832815 14.707816837321005 2.770341968268948 2.6975286306404076 0.6755595452612422 nan 0 nan 0 0.7247437086021262 0.12230140538318927 5.498018348356932
2460696.6456115656 1 16 0 -1251.260600235262 223.1736948940519 1380.5832225570064 161.55659361601144 0.006445111896121837 0.003057882693915833 -2.0935851693399287e-05 6.628460868180416e-06 17094.806876955252 0.01163275990579499 0.05385797994800691 8.340666563487867e-06 -6.497201108949602e-07 1.789830958884449e-08 2.1691615657603225 0.16947149569822134 7.72998995425279 1.3155806131046677 3.125758007020941 0.5097108878258715 nan 0 nan 0 0.41771225689527414 0.08684524437036706 4.397559052034173

2460312.5616805987 2 7 0 -2470.8595241290836 266.36334036693745 4322.991298759884 1440.0644320261272 0.2136922970862026 0.07522859460742376 0.00020799952770570669 7.519529366541997e-05 15671.400643390069 0.015181862388392718 0.04949620847798739 1.1293304514933252e-05 -5.594738482283338e-07 1.972099066545703e-08 1.4060558882457068 0.10509922886125184 2.811804958915899 1.3490160002352078 nan 0 nan 0 0.3682802438499301 0.13563383689577285 -0.21705536907739573 0.04706682605480886 6.264926455580293
2460312.5616805987 2 8 0 1810.8088373808607 242.0335634010345 1346.0786145267455 212.96934661129043 -0.17495655957385106 0.02758023971404687 0.0008410319188547656 0.0001336648796894716 15777.245993283359 0.0059906238621021 0.04699768044698363 8.080195010111033e-06 -6.043966964795428e-07 1.5265222601762976e-08 1.480058234081483 0.15424656073475562 -0.13187503429383707 6.616888102839489 nan 0 nan 0 1.5791006853327474 0.3760843255355167 0.04849397611914494 0.06443214784648074 9.618408632708292
2460312.5616805987 2 9 0 -1525.460471092799 179.39097776782273 2035.3027730606618 353.0264588912296 0.12330056061124052 0.0225448253130661 -3.804299451709508e-05 1.4281070580648074e-05 16004.537233709212 0.004633662449255259 0.053245354172017256 9.413783215567842e-06 -5.053679737139755e-07 1.4101474791525377e-08 1.0318563580427722 0.08769472827828903 4.9808945807192355 2.7144994907536115 nan 0 nan 0 0.8840910712256884 0.2049072586379592 -0.03889330501006856 0.05482466082995701 7.295351524311894
2460312.5616805987 2 10 0 -1795.0276320986952 140.96169025591382 2330.2213850025814 425.7797339518144 0.0166727099708762 0.00816444140024871 2.7049498481968415e-05 1.4260844796663848e-05 16118.929555428815 0.0042938270036504255 0.05084665035580146 7.0839661339602196e-06 -5.791334944488348e-07 1.0810698302549607e-08 1.1041271220986166 0.08303064745614962 6.046698252006898 2.844937123373099 28.435086415586245 10.683349226710451 nan 0 0.8560514503625748 0.2035760105339948 -0.05095939160936982 0.055051271314417206 5.860553081308313
2460312.5616805987 2 11 0 -3294.477550176271 1750.0975939090874 1841.7357810262195 986.1720392017172 0.06342304030340934 0.03815068013237895 5.156725849517255e-06 1.156709418744331e-05 16227.59745057548 0.09519386315223578 0.04829787833058785 1.2787441029733104e-05 -7.448989206778286e-07 2.753843112953673e-08 1.8172520935670176 0.26459807988316053 1.0761212811344376 5.387180439772979 0.19390751486805669 1.3382073868240247 nan 0 0.008374508129227534 1.1274928866418934 0.06436434225631757 0.22103300421917 5.892668427462119
2460312.5616805987 2 12 0 -1570.1907507064486 240.46401784423716 734.0641549284236 39.835754099371364 0.026778196293785365 0.0025226332421990987 1.844485083888496e-05 4.49747815704883e-06 16475.016929997626 0.011934058119675638 0.05478244745522006 9.214149256279367e-06 -5.774444592664713e-07 1.982142792623995e-08 1.7594627531154137 0.14343617333667502 15.57312142460837 5.2194229250481365 5.0820991358580825 0.8360526475672099 nan 0 6.371891948559104 0.7929680186018362 0.8359500410391054 0.06368666880996078 6.423887424527663
2460312.5616805987 2 13 0 -1391.9394483701878 335.2090923172759 427.5834502806507 39.03202421594534 0.005403453554334144 0.0010302308818713087 2.26646311292544e-06 1.8879933401157815e-06 16592.672316473643 0.018733935196380985 0.05233721617687255 9.537302534723446e-06 -5.408108500631419e-07 2.056836026083946e-08 2.191429638784812 0.21349934170429624 23.536307057487893 6.425618709809927 12.081886349900167 2.8957890908630546 nan 0 22.29294601115278 9.553884884134188 1.7956606973776865 0.19461617164999626 4.497078975638935
2460312.5616805987 2 14 0 -1447.6231693858385 263.527894150842 607.3619193636124 38.28627195183121 0.01198714531693971 0.001978839719854184 1.3887855741903815e-05 3.444301219724326e-06 16704.661953063387 0.014577436497222295 0.049645539158779374 8.231782802595363e-06 -6.430084898123161e-07 1.7134872754775382e-08 1.8531830956555841 0.1511367411941106 12.269375335712109 4.906776136663261 6.472409670859766 1.0753236494017224 nan 0 -0.11639028996933831 26.366649028273144 1.153881340360655 0.09258807556531867 5.327460969608149
2460312.5616805987 2 15 0 -1210.5002658659441 325.0253004482109 980.1891908747348 101.44607938146268 0.01723839215124075 0.0029523695429594303 1.2056833538060781e-05 5.329029985116577e-06 16973.756210549484 0.01791511302012005 0.0564475840904833 1.3668817332678816e-05 -5.247977942450643e-07 2.9546618131497154e-08 3.492601099795378 0.5455171832391359 18.502199101941734 3.265206013945463 3.44004687580522 0.739003767228616 nan 0 nan 0 0.7319263106923904 0.11008602443545067 5.3699083121703595
2460312.5616805987 2 16 0 -1358.0103268846008 186.61570386841288 1625.1302761540107 154.1639931838674 0.024401780475613928 0.004336805658078014 -9.192852150716987e-06 7.051630463959476e-06 17094.834616845386 0.009473930147663043 0.05385937183020451 7.935561355192816e-06 -6.559853430663544e-07 1.715347147931118e-08 1.975422795966303 0.14132832885357755 7.8864000243446855 1.0939583250959393 2.749549653617981 0.37978019380784916 nan 0 nan 0 0.2994981770572216 0.05916659688126606 4.410965232253032

2460318.7712704595 3 7 0 -2891.207995961007 196.97902834041852 3162.2836957709665 753.39051374947 0.10485160035071772 0.025120546318027934 0.00016211382876030552 4.1051940185859576e-05 15671.301359501937 0.01119571171195167 0.049542226224524956 8.84062881319203e-06 -5.472977132659496e-07 1.5165571544925515e-08 1.2522065503295434 0.09305665373905717 7.195716947771885 2.3291860428062736 nan 0 nan 0 0.9006179050493995 0.26957968643556823 -0.07647392453398337 0.06721026252726658 5.214534302094496
2460318.7712704595 3 8 0 1106.1287640463104 132.41656272130527 3217.3997352236215 559.9783858872801 -0.5039460930231373 0.085293219882625 0.001961365918612136 0.00034120797002246047 15777.138431164165 0.003039116226054752 0.04699478827665071 4.4655772566960575e-06 -5.736233587263692e-07 8.113027274721119e-09 1.2310320499067182 0.07394455473988717 0.08248282698234499 2.4506290920872176 nan 0 nan 0 0.7653058458882791 0.16904578159546704 -0.10944755788112968 0.04318917754423267 6.056427351588926
2460318.7712704595 3 9 0 -2073.4531303838353 138.88930150493465 3456.7530288265807 436.1425542806521 0.106023128937104 0.01614426514256166 -0.0001107322395075411 2.149571392695846e-05 16004.491655137303 0.003457255092327775 0.05327518544941372 7.610726614081688e-06 -5.350821100900326e-07 1.1578393041926734e-08 1.0944776466238204 0.07126576744367649 2.1521615747914793 1.815520649204302 nan 0 nan 0 0.9131998799250709 0.15524992790525485 -0.057627477024859985 0.03752199943364871 5.769705741324322
2460318.7712704595 3 10 0 -2086.1347802304126 114.65241206057222 3528.266311375146 511.04987866287775 -0.04767090078994708 0.00955787515363231 8.751712628412353e-05 2.1837071097162433e-05 16118.851953184574 0.0035016194168122424 0.05084435950843374 5.914001542244213e-06 -5.666333000759526e-07 8.846147142717983e-09 1.0604226940482933 0.06912273473541962 6.008204931185086 2.304870052843171 16.93183210355622 7.931357747271285 nan 0 0.8465679237752586 0.160290564057302 -0.06559519362960638 0.04152167199191652 5.0661571234395355
2460318.7712704595 3 11 0 709.4230137629883 1413.9365481212667 2693.354448918199 1220.2280047084605 0.045846099836908794 0.026943801101360226 -6.50773481690862e-06 1.4378612688549035e-05 16227.728556430568 0.07754831682298959 0.0482862764861233 1.2016620991058456e-05 -6.60478363435271e-07 2.5841518425392892e-08 2.0907008409808707 0.2699725614228676 -8.756188603317727e-05 4.344299512080779 -0.023260990188127093 1.1405139285245285 nan 0 1.3004197085796676 1.096427618793219 0.02429108806454034 0.168851261251809 5.359101329800171
2460318.7712704595 3 12 0 -1454.5598599754214 207.34848701777224 1089.5893883500935 46.394089766842825 0.023329895888438562 0.002908730488225489 4.674715486994968e-05 6.142402037565561e-06 16474.964714464622 0.010382479087791609 0.054785669238052885 8.119486025473736e-06 -5.948298419879862e-07 1.7709513213113623e-08 1.776369051915579 0.1278898750770364 15.721868308229539 4.212731169605072 5.554025173893362 0.7202734444299155 nan 0 5.0251473418993315 0.5445522979390498 0.7336952428790915 0.04561326823102977 5.660033836521624
2460318.7712704595 3 13 0 -929.7930454562991 383.84664631161246 375.4696768485474 42.41967062240323 0.0007418963033572794 0.000758254636460755 7.135542999094327e-06 1.694947462197471e-06 16592.618411595493 0.021334314576547886 0.052323957523495786 8.906696307187277e-06 -5.293080357193896e-07 1.9342925086309067e-08 2.1649556121765454 0.20155536814549807 43.60971958600427 11.826883339973273 19.131459919099843 5.596594770470758 nan 0 47.847660391384146 15.722006434168202 2.775182668894449 0.3517189163056662 4.156847000506635
2460318.7712704595 3 14 0 -1664.1815670117185 220.9380967559995 878.9038323274727 46.587719258777135 -0.0004582305667568288 0.0024251238209842003 2.455693107876319e-05 4.840986578357916e-06 16704.568370768546 0.012125769817780196 0.049652340476305394 7.87654595653953e-06 -5.457711922019443e-07 1.6119504269367726e-08 1.7740078647226003 0.13680376864785176 8.47244004346518 3.916538376675465 6.857328274576185 0.9560529123966381 nan 0 13.812013730050746 22.822145227789264 0.9922784111259264 0.06930870821958784 5.170254185950929
2460318.7712704595 3 15 0 -598.3764634648325 240.8743782879951 1284.7414459635 101.94575439724545 -0.0007686130904721482 0.0027344626920865656 1.7015991513429675e-05 6.145290813553761e-06 16973.683027322244 0.012770674890812983 0.05643340522929951 1.1010646864239343e-05 -4.5279570946638897e-07 2.3130467209659404e-08 2.332242471016785 0.19517617986705177 20.014223195659284 2.771521787461293 3.2694215838428686 0.5697082591947817 nan 0 nan 0 0.6712861708671836 0.0795887227491177 4.789077540073005
2460318.7712704595 3 16 0 -1379.1154634984737 174.30786395378914 2081.0104899910893 178.3657710487811 -0.005088452473908605 0.004261254872341269 -1.5865443210785087e-05 9.238657882445137e-06 17094.754780551673 0.008651558129379573 0.05385953246049811 7.829189392414333e-06 -6.4648406435263e-07 1.6941506819834708e-08 1.8364606205656433 0.12921294049467816 8.961811962477755 1.1360053309435492 2.471897295609746 0.33028900738086464 nan 0 nan 0 0.26915148992508403 0.050864056168436596 4.495598893385225

2460320.6801158413 4 7 0 -2963.9065845811992 164.67755746555144 4107.247526688022 1082.0621620395689 0.17419071655115462 0.046134672601304175 0.00021880294571096417 5.959415653021198e-05 15671.422247348095 0.009758445648445248 0.049510559419317986 7.231522878900433e-06 -5.157881372556935e-07 1.2988492517426244e-08 1.117820658032711 0.07938690259843344 4.034882178124353 1.6689873954530459 nan 0 nan 0 0.6934734962245584 0.22024557148367077 -0.09522684941329505 0.06935534864031559 4.546089838748191
2460320.6801158413 4 8 0 629.2108585620704 226.47067217400752 2100.1786228326364 392.04346186249734 -0.33515678911205327 0.0625288692529352 0.0013347540953148832 0.0002508232840609129 15777.216131700627 0.006545956440313697 0.04698502697332271 8.722733785582912e-06 -6.03945577868674e-07 1.649358221667708e-08 0.8692117541698092 0.16625376961587993 -0.09894675497401995 8.65212744775442 nan 0 nan 0 1.3751753484715308 0.3847388333104374 0.07007968736470789 0.08007833242187717 12.48787279440764
2460320.6801158413 4 9 0 -2409.415400177686 120.57415771323537 5586.025000840725 1266.987401735264 0.2615694824211573 0.0642557541390162 -9.045545969062808e-05 3.0875142875113174e-05 16004.430381354743 0.0033246742802615836 0.05327344739005476 6.687889691381442e-06 -5.482953982486713e-07 1.0316463109208353e-08 1.032929421650716 0.06245649320659043 0.0444841605909162 1.2008125570211512 nan 0 nan 0 0.493988295762312 0.13412467051989083 -0.13633387643758135 0.04937948471666207 5.071920503255338
2460320.6801158413 4 10 0 -2119.0886136194003 101.90976372796148 7390.7002360286215 2179.736736643803 -0.10314585136433575 0.021916852972471878 7.545535548714694e-05 3.9141006605509505e-05 16118.962470074403 0.0033252744063777496 0.05085254154596507 5.484781349341663e-06 -5.547455729039422e-07 8.014676942782157e-09 1.0629273676356643 0.05712031116043441 3.1498179893746707 1.3904366148736254 6.260268220337394 4.387266330935582 nan 0 0.37155498051509567 0.12481095461131204 -0.1860804431610199 0.04879367891625065 4.403895276199745
2460320.6801158413 4 11 0 1461.7120781985877 994.4049779804313 3262.3610126903122 1305.184907896438 0.04082449124529997 0.02306435462807243 -1.041448171934736e-05 1.5158007015009048e-05 16227.885148196627 0.05385074830725885 0.04828947691905361 1.065943664285166e-05 -6.614922685670446e-07 2.2627807735787025e-08 2.3367357253850156 0.27031408348497193 7.013810709159865 4.661804046351012 0.011108458983730696 1.0142062054770455 nan 0 2.1565569690963273 1.1949133594536774 0.031047653953572993 0.151805909102264 4.57384814923803
2460320.6801158413 4 12 0 -1508.652856204746 207.90041698304128 1173.2789787970587 53.92754798432732 0.02875829228636884 0.002973191003689938 4.3336255063934966e-05 5.9856317559087656e-06 16474.944299310595 0.010510744509376026 0.054786072436130345 7.727131380716565e-06 -5.877237732397562e-07 1.6799379304768555e-08 1.7966555818844199 0.12259189903536075 10.77611406281064 3.971081610548235 4.578704829070296 0.6314264466717864 nan 0 4.810048771647514 0.5488325248197752 0.8630684970654273 0.05516897450858914 5.121701165603485
2460320.6801158413 4 13 0 -605.3715348939036 364.4840392599255 481.15172631042645 48.908233565012736 0.0026524786546993097 0.0008669995303971633 3.2216696865770267e-06 1.7211129345424876e-06 16592.6799176313 0.01999334308693517 0.05231405446692156 7.795671492087007e-06 -5.300358907701987e-07 1.707669323603838e-08 2.312358466389026 0.19458163033860487 29.604758163552916 7.836948968070535 12.707465899464243 3.385775142206742 nan 0 8.500901476592217 9.287851560462588 2.5796333573723933 0.2964303037636636 3.6046511642633763
2460320.6801158413 4 14 0 -1615.9926318573775 243.15930576354705 890.1169376289297 52.55541351167047 -0.0009038784092370063 0.00216845273252644 2.997287646520554e-05 4.364762552828608e-06 16704.642331103547 0.01382898663212455 0.04963341415171079 7.52233919780418e-06 -5.289390900248519e-07 1.5980248715261045e-08 2.006731767558446 0.1497211485342402 10.634534761877763 4.522822118466306 6.674879443480223 1.0586691562164263 nan 0 68.18435759965988 27.86469902913032 1.3019905619866572 0.09549318963796823 4.548219037540694
2460320.6801158413 4 15 0 -993.7921060385215 233.25528259535207 1568.6625298296256 124.53496341087686 0.005911670723368213 0.00308327545159328 2.8321422349807355e-05 7.237233517197435e-06 16973.70882716505 0.012524411457512728 0.056436321584353945 1.0267829597708236e-05 -4.890348195797404e-07 2.1622811498826187e-08 2.4336445446584496 0.19316096502309793 15.378076419173825 2.008686117177617 2.4861047968139602 0.4624670353993602 nan 0 nan 0 0.622609159750388 0.07574131625718808 4.359064591935933
2460320.6801158413 4 16 0 -1701.0246744915632 180.04263867339284 2275.1015522389216 191.89144370298803 -0.004339422801247118 0.003974166613409743 -2.2500212146767277e-05 8.806174738706316e-06 17094.751751882977 0.009135416641349522 0.05384882018658249 7.262826237465292e-06 -6.593396159198309e-07 1.5690541088051812e-08 2.3444111320137595 0.16288270807012387 9.031344221143225 1.1215264132921894 2.344337034045348 0.3162662650314067 nan 0 nan 0 0.3325074314074009 0.05540105691884283 3.8137766569034732

2460328.5502090706 5 7 0 -3245.363336386494 164.50610511814375 5453.006570237838 1453.9538474927845 0.2021926458354385 0.05621452349554308 0.0003069972741067615 8.522809511908533e-05 15671.392547648788 0.009796154761772783 0.049551540949844375 7.566945152510383e-06 -5.488479330349068e-07 1.3409045945725553e-08 1.146024564243012 0.07757897628669767 3.6521510606019247 1.341268311456851 nan 0 nan 0 0.4922412823023153 0.15091228084910827 -0.17480769002007293 0.04894894638022231 4.696468955470435
2460328.5502090706 5 8 0 969.9715959200295 122.34617029294063 2616.441317378823 325.3772573284698 -0.42139866716617663 0.051517734663018754 0.0016060398106985743 0.0002001352777972377 15777.216755521104 0.003015136687344363 0.04699615543315147 4.348398127148339e-06 -5.818240464665863e-07 8.00563066857804e-09 1.1413167247767355 0.075662794764286 0.014354295169609843 3.1395131410007346 nan 0 nan 0 1.0535399668768184 0.1796190647631524 -0.028543342026426555 0.04098403324515868 5.816797942353596
2460328.5502090706 5 9 0 -2464.7199118965705 118.43770680745637 4699.659022851035 892.7177017154986 0.08914115859386532 0.02214134309451705 -0.00015718465454715684 3.601145851278648e-05 16004.479340312597 0.003410895768870627 0.05328823622643396 7.192919086389213e-06 -5.704172635978545e-07 1.1619513326972293e-08 1.0449560282152481 0.06679997440521329 -0.07399714633679277 1.3791399992378726 nan 0 nan 0 0.5839274956500772 0.13729650664097776 -0.12151083236063484 0.04421226539199473 5.622526949238874
2460328.5502090706 5 10 0 -2257.6245726427132 120.41699925345404 8742.941651413448 3310.1105383375834 -0.2118917897992391 0.056985221446640796 0.00014601435327488504 7.308625795155729e-05 16118.930366274315 0.0039789020289615696 0.05083839133554289 7.062311693367749e-06 -5.84503976518683e-07 1.0270271312766481e-08 1.1354636975540298 0.06578576035312755 2.846603230768218 1.4731104745281247 6.036357642972018 4.716002362344277 nan 0 0.3106803063161197 0.1313930213845717 -0.22046311951750666 0.0495964939539316 5.51082084905779
2460328.5502090706 5 11 0 -1774.2591132543723 1164.6614861153162 2922.1661290478496 1246.4840748879988 0.01580954365510901 0.013886231178513573 1.0995159825433086e-05 1.5112730066484372e-05 16227.627932035728 0.06385658641668901 0.048288787816522134 1.1030102398581648e-05 -6.708929943311004e-07 2.372532579577463e-08 2.4350060920336825 0.2991032128888969 0.006321453003516164 4.013423277815201 0.0982536329775414 1.0768145768256803 nan 0 2.1902514258105366 1.2806243618431448 0.037403541306670736 0.16457459660708032 4.7362584354790105
2460328.5502090706 5 12 0 -1854.5325189878572 197.95010250388864 1211.0933161994406 51.070054765963064 0.011917924560738435 0.0029176851722947524 4.118368432001149e-05 6.286051397561955e-06 16474.99548328594 0.010174154738755098 0.05478190372637597 8.140569746786059e-06 -5.65050859623973e-07 1.7655126139451566e-08 1.7765791959950197 0.13116252707282133 11.42437899789842 3.575188776401416 4.525082237059 0.5695817656916593 nan 0 3.348637025662478 0.4185275689767011 0.712988029845551 0.044285727579573525 5.327551867480724
2460328.5502090706 5 13 0 -641.3348888295891 384.9208084489821 440.4997418190037 45.32420771531921 -0.00402996088683261 0.0009379259699393708 7.0253557612633345e-06 1.8168365871322864e-06 16592.67804792862 0.021245264475575457 0.0523237391679992 8.851852438603744e-06 -5.535529812891024e-07 1.929554246992468e-08 2.798242227974359 0.30612324914087186 45.333525477782885 10.790579616881317 16.233119462475862 4.516906538845937 nan 0 39.2110586852133 13.12408557735564 2.50515103767958 0.29255399598330334 3.9300524334160487
2460328.5502090706 5 14 0 -2627.0893394209443 244.0553370478337 885.9244298921343 50.82608029937778 -0.0029717552801681595 0.0022961293168972273 3.726812203903697e-05 4.654869971655638e-06 16704.507594049966 0.013982768576594582 0.04962793892351779 8.21768030144758e-06 -4.006924998766764e-07 1.7484488307318353e-08 2.302986726799061 0.19941092900643936 -0.033017803848567784 3.775335334749348 6.823252568020577 1.0226317711869701 nan 0 -0.0019015827126152018 24.44266148660973 1.1358503247622296 0.08327461693705862 4.835230745109674
2460328.5502090706 5 15 0 -559.9474530486074 214.221134524142 1562.7555262976268 107.3422209413084 -0.015690499024375495 0.00311729302319036 4.039895835094531e-05 7.222182947428821e-06 16973.70162479332 0.011169002790151903 0.056428380377730986 9.942663256332556e-06 -4.4812092097478846e-07 2.0326938656661727e-08 2.463802795268143 0.18254653451884287 17.236851999358702 1.9797916453031508 2.8772676856752297 0.43241712257241477 nan 0 nan 0 0.5686465671385527 0.061825458976513675 4.188543947642073
2460328.5502090706 5 16 0 -1223.0609033021979 163.80221180520314 2140.3553182214187 173.39034942314498 -0.023865314686701503 0.004058064829306079 -1.3432637596144877e-05 8.294964124216317e-06 17094.805123355978 0.00841434334855482 0.05387190855352991 7.126157841464147e-06 -6.504998710210795e-07 1.5163152132058214e-08 1.967816011080653 0.12825244361425875 9.09361073404571 1.080437033159957 2.2711800279933554 0.29810714199459776 nan 0 nan 0 0.30317624621847233 0.05083261695767126 3.9410899938342423

2460339.6560602556 6 7 0 -2123.8328151949827 340.5726729869625 2500.180939694877 992.4554295744836 0.09242467977080605 0.03651100741050836 0.00012173604980358365 5.148300467026068e-05 15671.344125795722 0.02039330437084642 0.04952434326109625 1.580724872502709e-05 -5.455747494881708e-07 2.8677744322274554e-08 1.5978147101380313 0.1685334648728274 2.7151293413763495 2.9885068303509876 nan 0 nan 0 0.9772425656780327 0.4919506072600518 -0.047031564497394276 0.12370104144838467 8.098532717777735
2460339.6560602556 6 8 0 1148.1113757510693 180.5994207182896 2029.3061700580163 398.74472179262176 -0.23256016066836943 0.04500873502842397 0.001225189636264423 0.00024120021630712248 15777.204451940182 0.0049532450245826235 0.046988204336415526 7.1921360153439115e-06 -5.988608071333106e-07 1.3347605977861588e-08 1.1573411715345332 0.12254968970745919 -0.032208111753204816 5.274283879952487 nan 0 nan 0 1.0841726524787592 0.2953041755304419 0.009065606537799675 0.07216468077514719 8.765697826183901
2460339.6560602556 6 9 0 -2226.2285035790733 204.86593052089458 3211.386026780615 828.423461025189 0.13817490654753353 0.03907682088517731 -0.0001262740505763624 4.027332047998771e-05 16004.506211589205 0.005828475085915711 0.053264646975887744 1.3070150894868088e-05 -5.37317660748558e-07 2.035017091239016e-08 1.1459746196405274 0.10919290536004334 -0.015869845652213832 2.732098162644507 nan 0 nan 0 0.741814963740464 0.24775693699055812 -0.08728982191556506 0.06896886234680047 9.624378794876694
2460339.6560602556 6 10 0 -1972.1715317925293 209.79033189830417 6982.3086428804845 4391.330015259538 0.015917255149260755 0.057737109919910136 9.127829208007771e-05 8.418222475908645e-05 16118.888434092378 0.006978726656534267 0.050847697724147434 1.261853814929502e-05 -5.906135309747836e-07 1.8844972363405902e-08 1.461328357677149 0.1060036321042127 2.8121995219683193 2.2924489629125 7.600752906389131 8.125566416199764 nan 0 0.29974254445960274 0.20934527608181794 -0.23096342194217204 0.07577655299575498 8.772035497753237
2460339.6560602556 6 11 0 1779.6546376026974 1943.941285457481 2810.1555196062186 1887.3758312166287 0.08871034332338254 0.07027029647718155 7.201559176702225e-05 5.761338022335228e-05 16227.805153960857 0.10519506240299398 0.04826608064266873 2.118756943993154e-05 -6.818509143899491e-07 4.584974766839602e-08 2.3085999674608937 0.5257473782034225 -0.0034145064224688562 6.248978033077986 -0.022227567411881727 1.6643730960883991 nan 0 1.6693696934970852 1.7605518073681823 -0.026225679116051455 0.2163787076512879 9.091342218604396
2460339.6560602556 6 12 0 -1588.383333181462 344.79625641078405 866.6960159872135 67.02462370556172 0.020131948680866228 0.0037832198521571465 4.6311757108113146e-05 8.191506035511583e-06 16475.00962626932 0.01866904312261964 0.05480501352917368 1.577501780027886e-05 -5.715225760874064e-07 3.380293805973316e-08 2.2582308061983705 0.3089652700213052 10.564914616854674 6.063298048102803 4.160343966483525 0.9693640924983187 nan 0 4.935777607870194 0.908961516940961 0.7626716166968843 0.08512249634153679 8.926996472345657
2460339.6560602556 6 13 0 -1047.2963530804757 722.7757228368041 331.4112716295824 64.11297397740175 0.0037897366896897274 0.001364370671477286 4.844379237776738e-06 2.529346561142697e-06 16592.61781913489 0.039788090109715395 0.05234433843558091 1.6817123738501072e-05 -4.859971620991472e-07 3.639208119834256e-08 2.8378067783803873 0.596803669182345 29.116544362697955 15.796190045440973 14.573740991070226 8.0121337849194 nan 0 64.2516104336751 30.285849309773432 2.5105889034311675 0.5511479458637032 7.349966324817406
2460339.6560602556 6 14 0 -2355.350039612163 457.3545376615428 725.2480739546701 71.68084152580862 -0.005750175608660309 0.0034063080317146654 3.2990988320403043e-05 6.978520143060788e-06 16704.525820883944 0.02734089906628336 0.0496022795315077 1.7035979193671898e-05 -4.1891257036320957e-07 3.6612644603723214e-08 115.71313455124839 29058.301174255143 5.383923773955862 7.314418597074723 6.749682084654004 1.7965343597418597 nan 0 13.535623606010622 46.55604461971274 1.0228926755030459 0.13237463070349687 8.681228306299145
2460339.6560602556 6 15 0 -757.6631631979411 493.4849757603609 947.3642519751594 157.14754737524146 -0.010775927482533067 0.004000308829662658 1.2078972091744004e-05 8.184268524667742e-06 16973.7237464343 0.02696827856603854 0.05644321171365159 2.163186303249664e-05 -4.56280673246829e-07 4.373799372490061e-08 2.8094492442440133 0.5117479558028881 17.13464592558225 4.780782551360035 3.1772594042312576 1.0838559362065805 nan 0 nan 0 0.7330238966244869 0.1765927685502315 8.51328538669984
2460339.6560602556 6 16 0 -1192.8697876060776 396.0027237345578 1433.2562520937622 265.1323320939149 0.008173424114396794 0.005855600876036497 2.9502428871216453e-06 1.1029227220501375e-05 17094.79849106115 0.020674285265762125 0.053844609631616705 1.5967738498426638e-05 -6.406108329436444e-07 3.406675069887732e-08 2.609040071294838 0.42582235357156695 9.708740977890619 2.649806928633675 2.326230096232235 0.7074711180384711 nan 0 nan 0 0.3646661132953352 0.12748027023976638 8.078873984109816

2460647.8354338035 7 7 0 -2401.367738273459 135.23688809749498 6199.025694906355 1281.434039027383 0.18450030469320386 0.040044392337484504 0.0003185177489553467 6.918066025866636e-05 15671.318560779153 0.008002150634615736 0.04951383993263935 6.409017650103384e-06 -5.808613838241375e-07 1.1268838258606366e-08 1.3290519924142443 0.062137489925418156 0.9387243398422701 0.7923894792843819 nan 0 nan 0 0.5898250299757982 0.1422973919713028 -0.1620257479246702 0.04059747546023516 3.746050889542679
2460647.8354338035 7 8 0 -1461.1950019059352 244.68593805160958 2016.863989943618 336.18044205513604 -0.3627920157091207 0.0673653662552038 0.001440405773147547 0.00024928472928815727 15777.154851359814 0.009392158630453338 0.046991569187892976 1.0787703042538513e-05 -6.248259072454131e-07 1.8162786274373986e-08 0.018361865909730005 3507.8716408848973 0.835595927054984 20.764355065855266 nan 0 nan 0 1.8717197848874467 0.5497736780526488 0.13837210823861937 0.08304880449594787 28.754546056382836
2460647.8354338035 7 9 0 -2035.1511321896537 107.81778635274443 9166.271784847213 1888.2855972224884 0.22333436715418517 0.05702393532877167 -0.00031695511790031554 7.148895156713262e-05 16004.469893082023 0.0028756521280928235 0.05325176522232382 6.681289211356014e-06 -5.04879907755624e-07 9.994582105389783e-09 1.2861828143540306 0.04940887592260508 2.841472128644546 1.0128674003572644 nan 0 nan 0 0.433333899831013 0.1048375980044953 -0.19089122893766214 0.033584004340548965 4.628744395496968
2460647.8354338035 7 10 0 -2010.846494924299 80.20889930798798 4925.178405325468 532.4940130134867 -0.17125848412665065 0.018524449108075654 8.054745975746051e-05 2.1435803005251324e-05 16118.841252023465 0.0026803153495657457 0.05086500955773347 4.8878818265217056e-06 -5.594215134912441e-07 7.87890828118606e-09 1.13447154563969 0.05274342121810283 -0.04138940794525414 1.7320711204304196 6.651736558885408 5.755754748045887 nan 0 0.8606248963760293 0.122480338180191 -0.07020027022244912 0.030507966623420854 4.043189537901701
2460647.8354338035 7 11 0 -1648.7158816542906 860.3196842793722 4106.336285236274 1320.8010563671642 0.03616357219188766 0.02021545699305711 -1.0671424738147609e-05 1.7878712941703467e-05 16227.576739913313 0.047042101185894934 0.0482862747681485 1.0084138196218338e-05 -6.349216115678784e-07 2.1755276624787867e-08 2.148144056899657 0.21363807739305649 -0.07914002486675142 3.26257800897052 2.3199603915462608 1.1050411548520196 nan 0 1.196781445010237 0.7605955922453603 -0.020234766069783812 0.10556103785563896 4.324346115816267
2460647.8354338035 7 12 0 -1478.5364684941865 180.55192709782767 1824.506794519897 72.44738454430421 0.02318517022151752 0.004126800819564052 4.0472472515257954e-05 8.596363499326692e-06 16474.90684762475 0.009910587152393104 0.05479110964416527 8.191861807740792e-06 -5.384636574378388e-07 1.8194293132778712e-08 2.3939702570637604 0.17643050855220344 6.321764281596998 3.4798613943766017 4.815646728929012 0.5770572125224726 nan 0 6.519348170775777 0.581363482164346 0.6864004986422071 0.04069644603700707 4.9930200837302126
2460647.8354338035 7 13 0 -1283.8848349184684 268.8256766907961 628.4243101705116 49.51186887555453 -0.006108635250547391 0.0010721876834798045 5.175569243337232e-06 1.9916235147462933e-06 16592.60866798659 0.015069261353734521 0.05232601661457903 6.827599256274732e-06 -5.419748712224731e-07 1.403352485537877e-08 2.0794934758314683 0.14397625511245668 13.888442131983927 5.085493771644899 11.779800066271255 2.386347253791117 nan 0 15.156701217979649 8.044051775813909 2.2930934529264295 0.2071309499717114 3.1834169074321026
2460647.8354338035 7 14 0 773.952958151594 191.30117836060313 1178.8038363319317 53.97668452188246 -0.013721545600722905 0.0025072427452239275 4.5357772478925566e-05 5.05735744425894e-06 16704.715065970347 0.010639094809171783 0.04972981552057639 6.604968591410077e-06 -8.230257734679456e-07 1.3627349530282752e-08 2.3008519434418258 0.163800641327606 13.029252319188695 3.7248870221091543 6.1489187767484115 0.743371977229239 nan 0 0.0731085341706964 18.189068205630267 1.0597967946568911 0.0629501427570842 3.945800237417376
2460647.8354338035 7 15 0 -946.0451261331848 318.2000052180335 1164.7790432109894 128.88137272358097 -0.015200171423237513 0.0024807829492005237 2.2853707035908244e-05 5.115362346880145e-06 16973.689314822393 0.01788305090820849 0.05645901616295054 9.72847078965037e-06 -5.560614358203304e-07 2.0186881265442532e-08 3.2790640934485586 0.33112131234026654 12.958579671266799 2.2922218877406153 3.728420672438875 0.7479949410050073 nan 0 nan 0 1.1646812814172798 0.1655528780768928 3.5578921285859795
2460647.8354338035 7 16 0 -1702.6847371167812 191.03851625761155 1745.2676553470963 184.15191766853673 -0.024657936342431127 0.0032716615877428743 -9.847284415970463e-06 5.413392474779317e-06 17094.739055400583 0.010451369000430638 0.053856022965157624 5.89877739447086e-06 -6.464448644015016e-07 1.320484093749279e-08 2.3267697531130715 0.13340579318427903 7.192663932944953 1.1416021962927827 3.687200865594701 0.5247248313228979 nan 0 nan 0 0.6556632557830255 0.10340921284675639 3.0602856487543373

2460666.7973373244 8 7 0 -1931.4339891655243 149.00291123979594 3991.5342654418623 828.5889719373744 0.14326107305290148 0.02990477485708281 0.0002101080008576314 4.5709014934929045e-05 15671.37274815296 0.008707782314287404 0.0494965010673566 6.766133445011985e-06 -5.893067134764895e-07 1.173623122848686e-08 1.1854806636851667 0.06974294699875713 1.9065397475965284 1.2537011956635429 nan 0 nan 0 0.7964619129182293 0.2031506762873862 -0.08596482559434282 0.056579276649009344 4.106190408450604
2460666.7973373244 8 8 0 1531.0163857559214 97.09868679367425 3437.3442607351476 433.64802223911204 -0.5072601107917468 0.062430947691217195 0.0020612122583593966 0.00026013815733789535 15777.176308396023 0.002361470974912497 0.04698406664747758 3.372729878798437e-06 -5.849514583943544e-07 6.152672053586029e-09 1.2082498845057352 0.05631494552586276 -0.004098536050195889 2.0285765735488233 nan 0 nan 0 0.8262742245140698 0.13414798644194392 -0.07764190208783922 0.0353320051609012 4.361802251582788
2460666.7973373244 8 9 0 -1237.1338990375016 112.55310292578781 6975.214074653607 1647.2860333566407 0.18822251725689285 0.05313688506591132 -0.000199733233458499 5.258042366294227e-05 16004.512662231671 0.0030117149302517467 0.053233442863836494 6.2752506449405945e-06 -4.845831571128986e-07 9.446000821241018e-09 1.0942285730968044 0.05506144951917781 3.341629893260849 1.2001388385883103 nan 0 nan 0 0.41181490963076495 0.11329971198567056 -0.17829398655753387 0.041467501636007285 4.725494394807171
2460666.7973373244 8 10 0 -1880.6602032795363 88.65080961827394 5581.320490159407 1015.1127277410579 -0.1225593122082865 0.019702126981745626 0.00011598955349436393 3.097302048396922e-05 16118.877537063532 0.0028290623519294745 0.05087132150802102 5.084455453443751e-06 -5.469234165263894e-07 7.714010337942525e-09 1.101706993027476 0.05442641154858059 1.0940818070893314 1.2908889836406177 12.85196751176203 5.152848720832097 nan 0 0.5626712251813749 0.1234659448782498 -0.13796663763485228 0.038886276784034 4.07130780435193
2460666.7973373244 8 11 0 -3445.2892644188646 1025.6797118102338 4052.6766294094864 1162.348661652249 0.070519621434819 0.027494979876631846 -4.919454561220771e-06 1.648865466072749e-05 16227.540556730068 0.055904967136683685 0.048289758933366095 9.697561802361477e-06 -6.931346744805959e-07 2.0832164446740754e-08 2.398019609065307 0.251339689682564 4.27713778716516 3.0843683193244593 1.0401993856958873 0.7782537545245148 nan 0 0.4464368928252076 0.6367242414332834 -0.03825661510064147 0.08895770499219005 4.037295864477239
2460666.7973373244 8 12 0 -1381.998803338414 186.6143179389494 1274.414216306001 51.38878665278824 0.026831547366961337 0.0030071199476304797 4.3965107584625965e-05 6.212024449016879e-06 16474.971788265557 0.009488806462215326 0.05476422117448181 7.665469018200397e-06 -6.018062950611968e-07 1.65751710667897e-08 1.9801270737778744 0.1367746151312493 20.948921462614074 4.2093493391467875 5.105880940961764 0.6245441690554254 nan 0 5.995516053280897 0.5675001898987581 0.7580194000699669 0.04419852531789015 4.990066081019176
2460666.7973373244 8 13 0 -1210.5351418638688 262.7617740438931 727.1227941480475 50.05950833191644 -0.002658099102675894 0.0012428179058351014 8.626616537269851e-06 2.570605763067249e-06 16592.635690699168 0.014990591636160098 0.05233642827575794 7.610515333763658e-06 -5.475320626516998e-07 1.607521606983885e-08 2.2566928898566108 0.17937196618316845 6.843514348095592 3.5869188583163445 8.348336440699264 1.5012969938720135 nan 0 23.304062775625436 6.884450652511531 1.6003534183605648 0.1332591202681953 3.5348879012714085
2460666.7973373244 8 14 0 -368.5695272679311 195.69264647815623 961.6325377457207 45.80155856097336 -0.0006461273880592583 0.002085936206035441 3.2998967552775724e-05 4.167493823070622e-06 16704.67260844137 0.0109238579984164 0.0496834825228719 6.257865227317176e-06 -7.15957541009229e-07 1.2969540350209835e-08 1.7993849491007692 0.11428473982633561 3.991623692602361 3.37780056733887 6.200812138984856 0.783938902139995 nan 0 22.03760224567851 19.702948976952268 1.1477327559355046 0.06966205394546822 4.056782220515234
2460666.7973373244 8 15 0 -1028.9959837334259 345.6322859893363 1110.6659784332812 128.13818199072514 -0.005469636756170223 0.0020467237821815377 1.6821010260626587e-05 4.944949662404758e-06 16973.71350248603 0.019523512916893842 0.056441393969898654 1.0512076945538149e-05 -5.061670235073044e-07 2.2505226084007405e-08 3.7217941952341707 0.49573394041930924 11.497223561811895 2.099525461492031 3.5907023501611137 0.7481685908789285 nan 0 nan 0 1.0335857467756524 0.15747452448335125 3.9352058707749826
2460666.7973373244 8 16 0 -1483.3426371618993 215.24203156492644 1794.1595175614996 197.46381233119692 -0.002483969937326246 0.002710486468555823 -2.5861415254780657e-06 5.705426837010553e-06 17094.770212656505 0.011407378707679014 0.05385272410367969 6.386090484974626e-06 -6.231270032698095e-07 1.3965437802788754e-08 2.3890733710535086 0.1558753498002039 4.821224398475826 0.7503654739515615 3.556617070584297 0.5106667832550792 nan 0 nan 0 0.4951772221931518 0.09017643900853534 3.283180089028731

2460674.742469253 9 7 0 -2257.2712924901994 145.24646189277584 5856.7325481115695 1287.1162287040424 0.18660693419938781 0.042312012758404176 0.00023525222322841175 5.497063238007923e-05 15671.358393896688 0.008370392274811747 0.049509256178893034 6.091534751002728e-06 -5.795954522179861e-07 1.0732298256441409e-08 1.36956589002622 0.061134406063056305 3.296989027708745 1.1070491600445125 nan 0 nan 0 0.5982027149939249 0.15367179562101535 -0.1289865458871861 0.050423335206865955 3.389091544131923
2460674.742469253 9 8 0 1242.3555870742205 467.58402422212527 2185.0530570886185 703.3876497023721 -0.41577831614346483 0.13654460359294973 0.001589121890437776 0.0005184616987572382 15777.177400366014 0.015870741019585688 0.046987512866171595 1.9080975312543476e-05 -6.048149501339039e-07 3.7042053008142364e-08 -0.5780853370309064 0.40290404345783615 0.171809665500688 24.96050290955515 nan 0 nan 0 1.6577304227356378 0.8671339629153465 0.1321929162754875 0.15835005981187147 32.053375385169716
2460674.742469253 9 9 0 -1538.6730764882639 108.41869691772027 6411.06941196314 1059.6109229238307 0.17652830126074764 0.03376421004753894 -0.00015250051297468784 3.226965801895273e-05 16004.502774957326 0.00284974623679786 0.05326174114283868 5.619751205536429e-06 -5.175305620642532e-07 8.388292824037013e-09 1.1328803170668702 0.0494703034976482 3.6165346410451162 1.1884593426001362 nan 0 nan 0 0.5644789108976244 0.1136253877897893 -0.11792568247291882 0.03904734616385472 4.043336087317871
2460674.742469253 9 10 0 -1768.6487062744466 87.89846243894772 5639.194951408867 884.2918453409966 -0.09523918212559185 0.014373671992626343 5.407286348004881e-05 2.1532126908169886e-05 16118.880271492428 0.002761448596291406 0.05085548670580765 4.572589974449335e-06 -5.595131749719163e-07 6.961826375261997e-09 1.118982216740222 0.05166908752307503 1.3425209273988343 1.390832256529871 14.476388820912824 5.461237699298296 nan 0 0.6520399912431744 0.12611280038728043 -0.09025453402315263 0.04102874612394594 3.5825809858488165
2460674.742469253 9 11 0 -2571.4201064414765 932.2415417008859 3692.844874959914 1176.7626255812718 0.01726563900926391 0.012277460444946101 -1.092543611276282e-05 1.3199002160860529e-05 16227.558392180234 0.05110598631844387 0.04829462294752714 8.304523585672701e-06 -6.316587185698806e-07 1.7936234419811324e-08 2.377424274491204 0.21440335079202633 -0.00013190092852949364 3.0964131736278366 1.3932834478725415 0.9238731860949626 nan 0 1.0652297381678821 0.7547550758325072 0.04519857386629791 0.12543099466183338 3.522210483980284
2460674.742469253 9 12 0 -1277.4355896733045 202.84286922239056 1552.8805216244282 67.34426269944338 0.024448977018207464 0.0032692115039002234 3.511820221832576e-05 6.698534939188753e-06 16474.980632006704 0.01020239228435683 0.054779527226538616 7.415234506160665e-06 -5.703257146213828e-07 1.6091547517285027e-08 2.28320116896179 0.15290590260562897 4.60139697789019 3.432428724523932 5.035276113458465 0.6556860992247594 nan 0 6.45749036438408 0.6330155652736731 0.9236804609556245 0.054701690692350514 4.513983950489162
2460674.742469253 9 13 0 -1687.1999852057502 287.81201001114454 650.88844319006 50.37302561015374 -0.0018475575034627208 0.0009614473206040764 8.41104060119575e-07 1.953452742052121e-06 16592.614728300894 0.016094713390023607 0.052334424240019904 6.659551277280001e-06 -5.561297999822526e-07 1.434784823564765e-08 2.309098119008118 0.16419149543686026 3.687410865704287 3.9787514434361464 12.311397081101594 2.445763042050528 nan 0 13.314521025977283 7.569675756228491 2.3064436783156506 0.20449335186271878 3.058258487727208
2460674.742469253 9 14 0 -688.7860741857406 187.3754542192437 1072.5289189766415 48.76160216259342 -0.008709405570465784 0.0020740274833424303 3.4587689412630377e-05 4.174554030149822e-06 16704.641946331732 0.010400920356906334 0.049671374139227585 5.685323451589228e-06 -6.386506874831633e-07 1.1779763314627398e-08 1.7837106359711608 0.0999775492434405 -3.4542050283849304 3.1783073478964563 6.556387359974217 0.7894745391947283 nan 0 24.07438952360553 19.31971291671528 1.2588900325821732 0.07155712942203529 3.6419538588358114
2460674.742469253 9 15 0 -1145.4153791381857 326.8605880692505 1339.2194960757515 136.1266186329666 -0.001670522046698966 0.0020643648879885585 1.5725754008041035e-05 4.9837275430203736e-06 16973.698068615147 0.018459826902988044 0.05645425991433208 8.937775103785057e-06 -5.14559261499386e-07 1.9193376358699358e-08 2.966234086515388 0.2496505645236085 7.556992975655635 1.1924229401127944 3.367044064405478 0.6049459674721402 nan 0 nan 0 0.9658291694668614 0.1318110407625225 3.4482942121389195
2460674.742469253 9 16 0 -1569.0941862157486 247.90858237398362 1586.328354056945 211.7085397842554 -0.006900247780625563 0.002214461635726593 -1.696501563697801e-05 5.429064590258936e-06 17094.768139639928 0.013308284846136442 0.05384670924548409 6.06818659233992e-06 -6.487252961268115e-07 1.3265606885084392e-08 2.7896668224066254 0.19856069233921794 5.207556345489316 0.9963693334452242 4.445251778507644 0.756801144800013 nan 0 nan 0 0.7654652466624694 0.145458673738489 2.9947920499051675

2460624.8335913285 10 7 0 -2735.903092373187 162.27900507497952 5343.932235033038 1218.7977593573657 0.23218195049926388 0.053738972062675916 0.0003143339722829297 7.42703448062218e-05 15671.341038006207 0.009755372662474025 0.04950016560604761 7.825371659170994e-06 -5.760602827598129e-07 1.3699139454838469e-08 1.6879025658996065 0.0794326280615668 0.7687511579239392 0.9837143763796948 nan 0 nan 0 0.692785506468746 0.18774447308993097 -0.13348755892224162 0.05131371164309057 3.9425388978563696
2460624.8335913285 10 8 0 893.5006486975618 102.45188313859224 4470.864182742444 763.1081626364189 -0.6406218927313503 0.10608861888638439 0.002636473865259696 0.00044937999814408726 15777.159847884866 0.002626316797124183 0.04697476608480861 3.733730129913156e-06 -5.927984978808627e-07 6.901273165884087e-09 1.2962288863994156 0.0581313458470793 -0.07785057906437826 1.718088875614664 nan 0 nan 0 0.6580953036278879 0.1382028252268297 -0.11293654184526214 0.04173881189186741 4.601984072898216
2460624.8335913285 10 9 0 -2354.195269654192 120.70243396747576 6869.115276233741 1307.7217142202974 0.25264918171979484 0.05401342586991148 -0.000268649041462659 5.6344747981698485e-05 16004.47617514509 0.0033870910730143845 0.05325150348887771 7.884179147710648e-06 -5.291725612017575e-07 1.16527152172973e-08 1.4777334522397276 0.05988254261834968 0.10118257353879344 1.087300150577311 nan 0 nan 0 0.5507546917780748 0.12733814635108906 -0.1557340209056816 0.03776386767312242 4.936309153302813
2460624.8335913285 10 10 0 -2323.7216565355984 97.0269472362117 4406.357623513517 523.6375703432215 -0.16400807974050202 0.019443827674793503 4.112853089666109e-05 1.9045313300420094e-05 16118.89980002759 0.003188747460575199 0.05086354046143458 5.778606832957496e-06 -5.695413409761825e-07 9.295867733287543e-09 1.385924467670156 0.06203387357543811 0.07787783162604889 1.975825418465556 -0.004011967205391542 6.65999563057452 nan 0 0.9299025799068678 0.14648171240496274 -0.05238688265486412 0.03565692374595631 4.301549722642822
2460624.8335913285 10 11 0 5096.398608105919 1188.4029633277378 3216.723676733116 1197.1466470473006 0.016024435718525545 0.012186476866916113 -2.030200430583692e-05 1.3875719246246491e-05 16228.014161338078 0.06465971972376447 0.04828274546004604 9.173085272881697e-06 -6.43655711560249e-07 1.97184424113063e-08 2.2877263187646197 0.22840363063731256 5.348737589899394 4.1871605570232715 0.007888262231289689 0.9319637392694718 nan 0 0.6605822095566304 0.827169420726702 0.0779858591849201 0.15868803791880298 3.8343280935843334
2460624.8335913285 10 12 0 -2120.291085219395 178.51054660215613 1672.4945458417337 65.91065953862089 0.03390068205501213 0.0040822672201383395 4.131612372478259e-05 8.313450806058082e-06 16474.9667158815 0.01003722737598828 0.05478838545258108 8.951004500399547e-06 -5.650803028579205e-07 1.9251354624765095e-08 2.5373542699793292 0.2136853779511628 5.70288149160015 3.487733499264671 4.561569938469795 0.5280767308593945 nan 0 4.5995218831062905 0.4542193850971925 0.5880263427198451 0.03652857983414847 5.239055024404358
2460624.8335913285 10 13 0 -1886.8698696534057 343.14629441823035 557.7514479182499 51.205637907320366 -0.0028113882897238427 0.0009864667958658644 2.6316054349481072e-06 1.973338181518771e-06 16592.624403851045 0.019273588664736902 0.05231873237058351 7.856349584270114e-06 -5.594217789909044e-07 1.679101091633448e-08 2.824360636531367 0.2928574125625977 19.637230764570777 6.8175841823760335 13.768220292889328 3.2743644999270005 nan 0 0.9579533184946952 9.304706881441712 2.42688706795448 0.25367038237539863 3.561480981588082
2460624.8335913285 10 14 0 766.3234637959085 235.47298593913922 1140.217682852857 58.60326007383998 -0.015315512729741026 0.002899422552793288 4.1914336147273684e-05 5.843567810637412e-06 16704.768260465284 0.0136584511066068 0.049737165962699545 8.4947091166806e-06 -8.778790497628563e-07 1.7811663507679384e-08 7.130215640826653 3.360994797048387 12.82051797596351 4.611538656229379 6.615640609514647 0.9302229518865589 nan 0 -0.17620220176212392 22.24238494759176 0.9877436553308028 0.06695962509997519 4.581915296766952
2460624.8335913285 10 15 0 -1218.7540001273192 363.4243745821383 1156.532117994075 141.45832232528986 -0.0038069489284706724 0.0020636902167772185 1.650793063099657e-05 5.121922397361602e-06 16973.73859156879 0.0203224087457609 0.0564572090256414 1.0635992590472645e-05 -5.358355291281509e-07 2.209114729205465e-08 4.128694070523173 0.6584478474697637 13.211776773324797 2.5546544887746356 4.834325338285979 0.9659840994264374 nan 0 nan 0 1.1193900547301088 0.17745403394323908 3.944514587602968
2460624.8335913285 10 16 0 -1880.7701720995335 200.99340855640466 1576.7346261280034 179.08703214548595 -0.010864901382567743 0.0025649322063721605 -6.343591254111288e-06 5.249670533847563e-06 17094.765978055537 0.01178968386903456 0.053852041744062794 6.7298753666163236e-06 -6.517582771249614e-07 1.5119261403357353e-08 2.5668095323097098 0.18210891729540635 8.125800630864202 1.4378916557414803 4.435100966322999 0.6787358809983336 nan 0 nan 0 0.7207108836741847 0.11873945023333218 3.360701582984507

2460600.758799942 11 7 0 -2884.413726754606 171.26749848443737 2913.150914145155 368.36242840024835 0.13709044551406255 0.01723994390304603 0.00019563297117277444 2.740655812781384e-05 15671.340339358954 0.009724629800754737 0.04952004016222983 8.456131955406312e-06 -5.678373236312556e-07 1.4197828412535762e-08 1.5630572684097719 0.08311489429079623 2.2186117523010673 1.6618825085690077 nan 0 nan 0 1.4466137527417362 0.25082196269643453 -0.020992636887049138 0.04273860371104511 4.489498189240713
2460600.758799942 11 8 0 849.146649235731 141.7900771595561 2242.1882545830404 211.1516757307139 -0.3012363822518045 0.028695360509763863 0.0013881338647913186 0.00013181497592933445 15777.165909287673 0.0035666456952560812 0.0469854550227578 4.745823917494584e-06 -5.789776112006217e-07 9.073199012153894e-09 1.1272938281036842 0.09359797611112564 0.08228243123324347 4.183918544196208 nan 0 nan 0 1.5598652305497431 0.22363719165191923 0.027421736116959132 0.03639767894543692 7.078333292727732
2460600.758799942 11 9 0 -2290.8331525115223 130.08521348382033 3744.115506107825 351.01682795845124 0.14763377343670508 0.01629765330334398 -0.0001458869553463683 2.1438495523956215e-05 16004.51150550171 0.0032623646833605533 0.05324989194710243 8.131623444824483e-06 -5.024558826792946e-07 1.179052405738025e-08 1.4326780701976594 0.062461186629195496 3.163970955821576 1.7526771005414106 nan 0 nan 0 1.085153954800385 0.14308026588374892 -0.06438085946896667 0.02728709140526741 5.395871066276059
2460600.758799942 11 10 0 -2524.585773956717 109.9784823653173 4617.885992860885 578.1942704572841 -0.129728074613297 0.016852096283084463 5.461956538561308e-05 2.2398357315779976e-05 16118.876592168177 0.0032166419309686976 0.050858585765776544 6.39792092232139e-06 -5.631900541847821e-07 9.945754643823143e-09 1.5029171260638527 0.06212896641330739 -0.5846141825983472 1.758043743622244 3.195500423639577 5.977736255561768 nan 0 0.8772271094980368 0.14301310642295206 -0.10965874007052902 0.03037995139685158 4.762788984409346
2460600.758799942 11 11 0 -1504.8068933159016 1521.5924890797298 2954.1661777734466 1239.3665794472356 0.04000510456042911 0.02294491019470157 7.714512542520103e-06 1.4731470298997649e-05 16227.648609111031 0.08265506963556513 0.04828838234893247 1.1242282922730213e-05 -6.268860154155731e-07 2.4296406225111395e-08 2.7515812399521837 0.3812614837274856 3.875048608050041 4.6396293156039645 0.015713936386722367 1.0748182941532618 nan 0 0.06335767903573729 0.8668427563303457 0.039331308732380374 0.16266711543562687 4.6347167748330795
2460600.758799942 11 12 0 -2077.0963899015915 180.48701728511313 1541.4100775538243 57.96453814378008 0.035752156321075895 0.0044051680088827054 5.5928549640209733e-05 9.153486664912576e-06 16474.9739450064 0.009381573075254307 0.05480175768792477 9.18760452753787e-06 -5.379244767101526e-07 1.966685645620926e-08 2.13616205331229 0.16518710126008973 7.023968731550747 3.4999069643073946 5.124514803438084 0.5723793500846409 nan 0 4.933875439733129 0.458729090307013 0.4682684108689612 0.030363994900963826 6.163743529348618
2460600.758799942 11 13 0 -1705.2144250749247 292.2402412774853 578.3453605499691 45.305672074999826 0.0007908986337396553 0.0010907798321735794 2.135527085601689e-06 2.2598532717738596e-06 16592.63927999149 0.01637764678878426 0.052323860740335446 8.263609918417086e-06 -5.487437587734461e-07 1.7982179827825194e-08 2.273484156741945 0.20229778655960345 -17.240710676355445 5.699216068623652 15.064047542447705 3.026347207998321 nan 0 1.2989983404561058 7.8533339603863395 1.8826064564259002 0.17380247306038762 3.948442512433139
2460600.758799942 11 14 0 -1241.615106216193 186.7178612466304 1205.8771536997654 49.419011566334824 -0.010293238411672626 0.0035260023905624802 5.044880643041329e-05 7.184126356927612e-06 16704.647762329525 0.011148028959437862 0.049686471279153564 8.667115131507628e-06 -6.859820345244569e-07 1.7987873467954682e-08 2.3517645928205546 0.19956586831328144 11.837184585713088 4.002696014497893 7.913718385811455 0.9149589113024218 nan 0 3.407943777792496 18.901399643861325 0.7296065393482136 0.04281590860711766 5.361773553965446
2460600.758799942 11 15 0 -1523.9251956956682 314.7160006367432 1086.4973570794714 122.47575776622945 -0.004652843579494415 0.0021725781895324883 2.3463121492798256e-05 5.586435420822529e-06 16973.705848257054 0.017728471097114583 0.05645859397832844 1.115914307380242e-05 -5.191129637875857e-07 2.321528440818949e-08 3.0640501703722123 0.3294918863028315 14.656070065378593 2.6337084142549254 6.533750443544897 1.1306840121138255 nan 0 nan 0 0.9200102419581253 0.1410812301063485 4.389765088911396
2460600.758799942 11 16 0 -1731.089298938381 170.3852916066533 1676.4220136170723 158.7854894520938 -0.004137591228831176 0.0029256412526925727 -5.360770361043563e-06 6.226205684609169e-06 17094.783630665133 0.009830256700692097 0.053847660178530134 7.183914012913974e-06 -6.454959817468445e-07 1.5719774342690524e-08 2.0608285653385052 0.13531048542785695 7.7986245370519445 1.1619272239018137 3.7156135837110624 0.50020432639271 nan 0 nan 0 0.483496932238116 0.07654970762893551 3.8408701033572066

2460604.821429683 12 7 0 3332.644215846529 4927.564737515403 238.71587937792177 2349.9661635293687 -0.0032297987231665946 0.031226255284007815 2.9632336842101812e-05 0.0002924707099187744 15671.368865016046 0.3059259926843125 0.049520270186461456 0.00016211951224968726 -6.562528837416434e-07 3.5613485004484697e-07 3.5430729598690993 7.674937609156939 -0.04580412774885384 25.98443267938392 nan 0 nan 0 0.4194921631402016 4.610077913861744 -0.005170568727876807 3.4768267230043333 65.97449582747882
2460604.821429683 12 8 0 898.8639709272836 294.38153272188316 467.1246861136772 305.916653935656 0.035834678965092834 0.026809867446615128 0.00027867857697003694 0.00018384634697933395 15777.09273645081 0.011202185554665824 0.04699295030043736 1.2760546158018277e-05 -5.139783868224094e-07 2.03422147512992e-08 0.01590590845478133 352919.8459452759 25.140359131595147 27.09561477006321 nan 0 nan 0 0.7599962421327471 0.6795905706288573 -0.0020217176821210638 0.23340268986425186 39.076850954974304
2460604.821429683 12 9 0 3440.702629871997 591.4582800462514 457.6479780514513 405.3197131997988 -0.028168851260654777 0.029562536748390943 4.124337397361909e-06 2.9147462229473603e-05 16004.509167834465 0.02126798559050966 0.0530348169379165 3.537714051994665e-05 -1.7528722822605124e-07 5.263446768590743e-08 -0.019949254793299506 917.5286298912612 -0.03705085975100886 25.87144903723664 nan 0 nan 0 0.8828799409930697 1.1347915696860138 0.012599726512350945 0.3264344934704486 68.91286395766144
2460604.821429683 12 10 0 -4739.941985585322 439.9301185088567 511.9748050791757 860.571988829304 0.012429591864468514 0.02708542723212545 1.8487173502150927e-05 4.004562572438864e-05 16118.756891338826 0.018577285175986575 0.05081779345608503 2.4362081566863827e-05 -6.283357382947615e-07 3.9063446508345546e-08 -0.012024547735648136 15776256.251232062 -0.14400605144728973 24.807313494914386 70.59314225617098 152.14865526287187 nan 0 0.5386863373708752 1.140182378695714 -0.006599052353257964 0.5807693682744034 48.78950125843687
2460604.821429683 12 11 0 -11745.191706775682 5963.045360972605 195.77679203451905 1315.520291224778 -0.00010430519411541268 0.011964018048655135 5.853632843239854e-05 0.00039633235972748727 16227.250621283174 0.3531096219153884 0.04874013248606465 0.0002034274872731254 2.8273579714900363e-07 4.2512037425195907e-07 23.82251865401609 2841.5911587214896 112.346824262305 891.4214667616282 0.00010936249397593134 22.71757834311762 nan 0 2.5186644626916976 23.93700082818151 0.01772435934314888 2.4625393399104025 93.55796064385353
2460604.821429683 12 12 0 -2385.784293317276 573.2651593358702 153.91061384711594 52.578226813853526 0.05930213810657706 0.021182236566091958 4.664203370859923e-05 2.1082026479414882e-05 16474.90257461224 0.024411290314208772 0.054850890554466424 3.764277258044534e-05 -3.893611675177818e-07 5.551054824621586e-08 -0.013364047835634966 2664307.6632895307 -0.007696329792405365 19.489654302429916 1.7642588032173772 1.4777006705187938 nan 0 2.7720682601773974 2.5242854674436597 0.1425176224409175 0.16332300590072377 88.96265956513871
2460604.821429683 12 13 0 -502.87249697258807 inf 261.37273793840444 inf -0.00032553280441217534 inf -6.622907701976211e-07 inf 16592.71263624757 inf 0.052409614254169214 inf -7.876536971317991e-07 inf 0.010790200122319332 inf 2.726460766580049 inf 1.5661217445085476 inf nan 0 22.604664102195905 inf 0.03542480153347555 inf 57.81259723738702
2460604.821429683 12 14 0 -4873.594033301025 536.7415215627208 295.4295102888697 52.94416464335053 0.031208910061489153 0.010107181718994496 -2.449597965230246e-05 1.925302087701633e-05 16704.274025370585 0.02393648267448025 0.04918250427246467 3.3485977445155876e-05 -9.960020840112956e-07 6.25070562405937e-08 -0.015485716874850744 1834258.634822943 -0.013688116774401238 11.671485626739871 -0.3896383680326483 0.405587905692366 nan 0 -0.2313129380317458 56.2219854297013 0.0660637040521207 0.06652305286662308 59.032160881639896
2460604.821429683 12 15 0 -8905.244578938271 1964.8573517781742 678.8144826700551 136.80900879679893 -0.042612572181114416 0.029172239886213907 0.00011299896728471918 6.119360308062313e-05 16973.211687438303 0.04818529488772772 0.05684371491101333 5.372180961906303e-05 -4.966245087116202e-07 1.1132083895115209e-07 15.760296237779968 120.302023791502 -0.0023758775076270777 1.61458409272841 21.39837938848092 6.895761556953943 nan 0 nan 0 -0.16879945522620338 0.033222028631091104 85.09176769093892
2460604.821429683 12 16 0 -6402.26301345358 3169.565809028962 96.5504528905342 126.3053416721122 -0.008473608266551207 0.010759766261780913 7.558082944794426e-07 7.879519427906727e-06 17094.894887751627 0.1708736735958205 0.05488466925208258 0.00016525717083391733 -2.4824869727512218e-06 3.368875106667179e-07 104.56274877580584 134012.36279926795 -0.31628785983394025 2.3468613952337067 -6.12754802550163 10.182826801371307 nan 0 nan 0 0.046291300972522556 0.4846752355997859 85.2340522797937

2460280.813205721 13 7 0 -3174.0362747294657 132.32822383989236 9211.783918157893 1793.8482618749795 0.446320152663142 0.09142733690841873 0.0006196714441297038 0.00012570145604240334 15671.346061278939 0.007842513602306839 0.049547294292878206 6.3095133616714565e-06 -5.966028222520708e-07 1.0970615882556726e-08 1.3086156846358148 0.05714541046907409 0.03426150753718446 0.5709073414086563 nan 0 nan 0 0.41253947438229943 0.08978121223587945 -0.211970518771588 0.02850564858854244 3.6898126567113025
2460280.813205721 13 8 0 825.2594927897705 130.65130258983865 6221.890270233051 1629.888930454066 -0.9068559602204758 0.2291068180576256 0.003792465412598869 0.0009918035666457042 15777.204108578297 0.0032637429462183806 0.0469870347579288 4.785304161351132e-06 -5.946442217207298e-07 8.621202753742709e-09 1.1424453705673445 0.07384739200303995 0.11266183490859838 2.0074224428063405 nan 0 nan 0 0.5396651083264953 0.16847127098853457 -0.15040226655799618 0.05420708052800634 6.2923317171816855
2460280.813205721 13 9 0 -2355.3760326888364 103.03481023890478 8150.3086954843175 1442.2497206066269 0.27624102712397597 0.05604966708445377 -0.00022391519683652585 4.9144003346332884e-05 16004.50321540513 0.0027738011517131726 0.05324695827924013 6.423231418905926e-06 -5.005521913753084e-07 9.544494948143491e-09 1.1974619209093078 0.04922467025552909 1.2024961811288133 0.9571206677844007 nan 0 nan 0 0.5028258246643327 0.10701320493654584 -0.16754350632803564 0.03300512288984185 4.648822526045215
2460280.813205721 13 10 0 -2418.6158653774037 83.69383274598152 5304.225113183987 617.7883640086246 -0.14888086010737472 0.017967814787282148 8.910691327167458e-05 2.4684786197337433e-05 16118.895077411735 0.002828726387597623 0.05087756817381005 5.149406277227629e-06 -5.558927387162635e-07 8.297646532176954e-09 1.0893779903055036 0.05600364816278795 -0.21277720332568928 1.8818636485713027 2.7844519904851643 6.077387268056832 nan 0 0.8539370772110996 0.13063822132051148 -0.06570409015896549 0.03338712710567954 4.295310836224915
2460280.813205721 13 11 0 -452.85345198589573 1027.5244478593606 3942.0536019041483 1329.2930367486367 0.02938052219154987 0.016902901672717296 5.695004662964816e-06 1.4858138444791935e-05 16227.745107302815 0.055925025118261355 0.04828544000663296 8.987036659418047e-06 -6.960088410392279e-07 1.9350149980020544e-08 2.954165016588866 0.3413927327094241 0.8538724517044126 3.3782751164702898 0.4329922091106012 0.8565926693551972 nan 0 1.35273243635048 0.8472107172189525 0.05071571411183019 0.13458740453499274 3.5890462434608352
2460280.813205721 13 12 0 -1931.5335760637054 188.67599494625105 1574.9104428861801 68.18853520184297 0.028250474086361815 0.003621521519855389 6.219370943931428e-05 7.717894596612835e-06 16474.971313287228 0.010715000093538284 0.0547945238281429 8.355598224331405e-06 -5.994876889253376e-07 1.8566277344279302e-08 2.5200395104377202 0.19609650586360786 10.983152379094596 3.9685447224210773 4.54328902122009 0.5809426026514637 nan 0 6.166629581468794 0.6002850953394979 0.755187738070921 0.04735658920990327 4.893885685593468
2460280.813205721 13 13 0 -1621.804919323895 275.5303683202459 698.846989010902 52.38715446119953 -0.005588570759609822 0.0011287090389270182 4.993693250336466e-06 2.167737657983831e-06 16592.667455730432 0.015460277592299784 0.05233393380279346 6.908009627913855e-06 -5.494455982045831e-07 1.4176046122687659e-08 2.3972759227858322 0.17737346920090186 11.157739166223928 4.686304905600519 11.772584495084184 2.2812762443616466 nan 0 10.837434593915624 7.62714717478683 2.1884301301987374 0.18922741291325637 3.1217819891177787
2460280.813205721 13 14 0 1578.6432372046265 225.99364216022028 1186.3852174449169 62.19530213096393 -0.0021890496501939583 0.002733711522049778 4.238727075649869e-05 5.497363660058485e-06 16704.889537275456 0.012720790974683557 0.049748412193221014 7.24144173805432e-06 -9.136839058478871e-07 1.507745537870255e-08 2.4457219372540977 0.20282097064975396 7.088823761747571 4.000164719081823 6.147519699503125 0.85472644254787 nan 0 -0.12076703359529462 21.275301951410718 1.1417684376969974 0.07636076510407819 4.269058405747185
2460280.813205721 13 15 0 -863.0985173666726 404.3438242366023 1539.9211864558665 158.95071165198163 -0.006600528088773674 0.0025452341829389925 2.690606548371971e-05 6.5145057426982016e-06 16973.756343021076 0.02264020083105664 0.05645528347207337 1.0086688568381422e-05 -5.116833071243302e-07 2.0867595608653476e-08 4.86211018888927 0.9611279805965769 5.488588216597139 0.9050627238058218 2.822288572427517 0.5558503733840332 nan 0 nan 0 0.8754779224841335 0.12449949326380311 3.5886625193565447
2460280.813205721 13 16 0 -1927.2391898266285 234.01218024854523 1619.2052280061093 226.86946246916642 -0.0162660450869211 0.0029001196985520127 -2.2090216218571604e-06 4.839797007681613e-06 17094.798234032183 0.013327419663117684 0.05384921899705971 6.082707630824064e-06 -6.609518794435946e-07 1.3568425041805377e-08 2.5889619879975334 0.16778535488411345 5.177524456198646 1.0560945089173532 4.840209089111107 0.861597403767499 nan 0 nan 0 0.8299822581089421 0.1617493795910209 3.067388237674477

2460285.8067494896 14 7 0 -3043.6846823471283 139.0405841314949 7567.398264901689 1679.7323871363985 0.30507888029377617 0.07037209961153 0.00038202337371939755 8.90890478195273e-05 15671.361277790915 0.00843929004125802 0.049534741372464226 6.593976412325711e-06 -5.842402035611296e-07 1.1839567381845094e-08 1.3911888598218778 0.06442507187162916 1.5230977643697305 0.8004519602002061 nan 0 nan 0 0.5060923557483599 0.12854521096882304 -0.1738316269376726 0.04096559023133994 3.7259944599547894
2460285.8067494896 14 8 0 905.9036788904775 90.75519486857429 4946.383035367156 760.1134675309348 -0.724421373404736 0.10812879157729072 0.0029603924671982016 0.00045467657312139046 15777.2135503613 0.002325938101830253 0.04698524644938071 3.346147760338266e-06 -5.912052031075682e-07 6.0638036738720445e-09 1.0611756954774179 0.054652049204358406 -0.050560660314296846 1.7422747029693715 nan 0 nan 0 0.6654024110392478 0.1267238720493934 -0.11075725092081484 0.03791860980645955 4.568579396863394
2460285.8067494896 14 9 0 -2119.210418384573 106.3791075021261 13965.60213096407 4195.0189255208525 0.43818945634831136 0.16628694350585543 -0.0004231524921671606 0.00013282802898478575 16004.528639333785 0.002885109635494395 0.05324269655524767 6.610795257753245e-06 -4.934773550754629e-07 9.915844576832103e-09 1.214192284318256 0.04641523880269713 0.8100916693730456 0.5951522347355926 nan 0 nan 0 0.25639435866336946 0.08520811214500633 -0.24638144668873138 0.032224179691661796 4.6809923057408875
2460285.8067494896 14 10 0 -2560.941136899209 79.42795683098662 6042.34162731824 823.5556714243243 -0.1974472810643642 0.025443038197597585 8.416579564567892e-05 2.7096556711303517e-05 16118.903723177089 0.002650007804649086 0.05086702879660902 4.8663098151546335e-06 -5.62136974044135e-07 7.743026243535995e-09 1.071043561287249 0.05121853228674721 0.17439928513438097 1.509116048963954 3.1543650304080844 4.968112871237834 nan 0 0.6890335280117961 0.11810461926344235 -0.109853802478698 0.033010418302081526 4.125185238026797
2460285.8067494896 14 11 0 -1366.7131465521863 746.7266215502087 4118.107740645555 1215.2840623780944 0.02096802120343151 0.013663771438531478 5.284038099238251e-07 1.4670000561418982e-05 16227.69580415986 0.040685904595013284 0.048289506908862724 8.435014898933029e-06 -6.525201732092058e-07 1.8212328879906534e-08 2.3798785965534686 0.2057714570954673 0.5693998280477862 2.9612678626642355 0.09796828266169598 0.738778770830521 nan 0 2.309528349809587 0.9207360784888095 0.019976941144029123 0.10871568544389634 3.493130203271781
2460285.8067494896 14 12 0 -1745.7284731413404 177.33819613895037 1605.146171522304 63.50042220228537 0.022424567931001196 0.0036361477806289774 6.080213342116637e-05 7.820049401446258e-06 16474.970545126605 0.00973888033886477 0.054799735257525815 7.952360942634513e-06 -5.489844912177566e-07 1.7699658874969778e-08 2.197410081491275 0.15296019691837512 7.144704194349641 3.4366660992613447 4.74716160484588 0.5635475524140893 nan 0 5.835678379615018 0.5359187488930793 0.694345586982164 0.04084674120241883 4.953204727220824
2460285.8067494896 14 13 0 -1914.0106574313131 320.7646851702311 572.7047274274679 50.301192870816635 -0.00619370025542456 0.0010239218352204645 6.765825182219549e-06 1.840247868226259e-06 16592.663435646686 0.01812431176471591 0.05233389259142754 7.083665481150847e-06 -5.603120703049967e-07 1.4513445709831737e-08 2.685929873908631 0.22892243204794235 -9.860008687903981 5.368943941908407 12.328959383305783 2.7749054394349786 nan 0 14.13553545228018 9.09448680563742 2.5593943800416694 0.2543083914590645 3.136462475243399
2460285.8067494896 14 14 0 380.1188588503581 212.56461637897448 1080.919115819932 54.451844696078155 -0.0033223808184946585 0.002364324839190807 3.749908914008176e-05 4.764579457170935e-06 16704.7861507608 0.011934372329452254 0.04973639045709059 6.798803687430181e-06 -8.262147158964222e-07 1.4169460785996627e-08 2.237043850779413 0.16372097465163205 -6.402156852661822 3.864697995088659 6.45291850178856 0.8713557347299926 nan 0 1.8123712460975787 20.74433051523944 1.196055839004505 0.07612455790957005 4.067665134515048
2460285.8067494896 14 15 0 -438.99429784013705 415.9239078018976 1157.1232291990755 149.5719155797902 -0.011629849769432182 0.002385284471329667 1.442578483487121e-05 4.789744168708935e-06 16973.787989323013 0.023380149162663472 0.05645164430936155 1.0091041463399946e-05 -5.242279440446865e-07 2.1084702190547428e-08 3.7618151045123036 0.4883486645867752 8.794226261641462 1.7521084177686022 3.071831312206622 0.7474339998062673 nan 0 nan 0 1.2362251646924012 0.20259578271883888 3.625733918122842
2460285.8067494896 14 16 0 -2068.934766105909 282.7591221420962 1754.0406095974884 251.92352328504018 -0.015667442169303387 0.003141451864828497 -1.7821548265957087e-05 6.603171506202222e-06 17094.790403173018 0.015752855548674352 0.053859588289321386 6.7017421281101245e-06 -6.318831979637025e-07 1.4925290903512177e-08 2.727817212592164 0.20621834783399906 3.153736980886402 0.6411605085355327 4.239026783247906 0.7755352521265063 nan 0 nan 0 0.6814278385195581 0.14442387581034172 3.357277827910496

2460300.7913322095 15 7 0 -2719.814170079864 181.05988069928875 4823.652122636039 1339.5643839275388 0.17428583397201117 0.04951104610165926 0.00023719404688631046 6.926748707421749e-05 15671.363679527587 0.010736963096341322 0.04952117883256757 8.511644022602702e-06 -5.720484372018669e-07 1.4783639950017942e-08 1.2577043690921776 0.08639319107269193 -0.0038956988009532095 1.1933086038903222 nan 0 nan 0 0.6457067202953527 0.21265486214820054 -0.13392463119247072 0.06235204199576104 5.011137532915383
2460300.7913322095 15 8 0 1719.4126586205834 339.70486053437 1877.7868094034343 454.78674310428715 -0.3233255990773814 0.07861836217195471 0.0012654179495821198 0.00030918761924654585 15777.239871608286 0.009679320013137782 0.04699403478639984 1.2529220695807454e-05 -5.929708248156793e-07 2.3701701827841676e-08 0.8833127284907752 0.24616069980644362 -0.2698432346210895 13.013486250488787 nan 0 nan 0 1.5643867289684372 0.5851097708662355 0.08843096292038465 0.10842703481536432 18.159315866868088
2460300.7913322095 15 9 0 -1241.2655281292452 126.12398322282448 8449.424767466628 2733.4795047667494 0.3037729760278177 0.11546216390613165 -0.0002120010127378451 7.4531220379795e-05 16004.498295860662 0.003378614870224864 0.05322144699349354 7.155419563111913e-06 -4.530687681990873e-07 1.0736152309047845e-08 1.1458995197780864 0.059449860387146364 1.5395760891099004 0.9270984434781967 nan 0 nan 0 0.31522814960772183 0.11493135054840149 -0.21434392232806387 0.04509239439712377 5.18535184544958
2460300.7913322095 15 10 0 -1297.5033591162246 161.04582097125683 5994.458914837599 2176.9430496554733 -0.09301738883386572 0.029591277152854662 6.348379706769216e-05 4.896241925126598e-05 16118.89522537111 0.005144875433954161 0.05088411671903086 9.180196436692696e-06 -5.373489596396513e-07 1.3916221705113912e-08 1.070937015913449 0.09825109391060798 1.3890399455169926 2.2381070646112122 6.28841567235836 8.015608074521257 nan 0 0.513703234300826 0.22182518265331308 -0.14793672874741032 0.07399911564399878 7.335201198832827
2460300.7913322095 15 11 0 -1021.6397835088437 1617.6847445252356 3981.9401886329947 2720.9712599221602 0.0786830596279501 0.07013908580072394 4.785974773813507e-05 5.237466682078474e-05 16227.663475492673 0.08866871433380927 0.04827474202737571 2.2446930013445996e-05 -6.664793293941378e-07 4.7693675364468625e-08 4.326644601711295 2.1612437191850407 0.027762040132811326 6.659019915443495 2.362445950435694 2.354299028547845 nan 0 2.947189929596065 2.525190241911312 -0.03300138930398114 0.21552511807390673 8.995813789255786
2460300.7913322095 15 12 0 -1403.3831848529255 197.3390069068949 1196.0112232101465 52.590242254919566 0.03207749105062768 0.0031095921715422535 4.1438105694474086e-05 6.173699971891312e-06 16474.981844103237 0.010076122179136216 0.05477578554540812 8.090460926333854e-06 -5.685159874904379e-07 1.7488985061714632e-08 1.9218174214753956 0.13942635207033163 16.72296261987514 4.2603565865266075 4.968305772560659 0.6608033311447807 nan 0 5.975509883847537 0.6133504259660011 0.7884155162543112 0.04952446943298669 5.270569175910696
2460300.7913322095 15 13 0 -1094.4888213900124 316.5271811575334 574.1514336769031 50.02337170216664 -0.0017091643327848253 0.001064021080114794 6.102814256724767e-06 2.2038713369083717e-06 16592.66572193478 0.01808061566926996 0.05234664712724405 8.253077781342743e-06 -5.301612517003874e-07 1.7354214367507224e-08 2.2283603235689156 0.19240488919852816 -2.4470946482116616 4.39993525646516 10.06272966822909 2.302370110313887 nan 0 33.10722655822286 9.743224323594225 2.0009860892141598 0.20359301358917808 3.833306671685477
2460300.7913322095 15 14 0 -708.6733002474964 222.36101529773867 964.6370420960237 51.40048612545434 -0.0010457137016174438 0.002404214742469493 3.2006709309921574e-05 4.815057564891413e-06 16704.74679262863 0.012607850708293861 0.049679889686574816 7.227557389489985e-06 -7.349316993148783e-07 1.5083807622941907e-08 1.8348039664059714 0.13659490310443484 0.4164340036295533 3.7089405486697404 6.416389347220467 0.9190628609886797 nan 0 46.84144107559886 23.187608848847084 1.1219383069751223 0.07656824395729965 4.660271475519419
2460300.7913322095 15 15 0 -211.5721775217188 340.5309669934171 1420.9150137127672 164.0145137126787 -0.005713373908087883 0.0033508994423173508 1.7677946956908047e-05 7.736269273563876e-06 16973.734820268477 0.019166153677558345 0.05648420400989024 1.2805137420646065e-05 -4.1886429064591543e-07 2.738582685667369e-08 2.4497784215851164 0.23798899909633345 9.517312065632524 1.7101944387615373 3.093639134439257 0.6728670319643864 nan 0 nan 0 0.6873640015035138 0.1175710702720297 5.200053540903159
2460300.7913322095 15 16 0 -1703.1189504685415 272.4618742256823 1772.5712639633145 239.69244014916697 -0.003930536834871958 0.0032576438325398267 -1.7773791911994968e-05 7.594470674109445e-06 17094.77992655392 0.01473762646834439 0.05385456665031691 7.826757516021243e-06 -6.684265028363442e-07 1.7062500844168442e-08 2.3386427483149705 0.18514766070054703 3.4227296378248573 0.6546646609918585 3.530500502107057 0.6195464781539566 nan 0 nan 0 0.4746346738808496 0.10800346404449482 4.017687865557256

2460230.868964207 16 7 0 -2644.970675647301 186.62943623846917 3196.148293262595 755.4812579726079 0.1555642578749189 0.03667680202615545 0.0002243460715488715 5.460243372312205e-05 15671.446817964532 0.011120703267388737 0.049544110542299354 8.945718091177075e-06 -5.957191419916083e-07 1.56863922141284e-08 1.4316484938064489 0.08860291391675608 2.3975161584890916 1.5621954428406841 nan 0 nan 0 0.8663380088267192 0.25319820590765774 -0.08355261778574266 0.0650100312674747 4.855399796745187
2460230.868964207 16 8 0 560.9662668690502 259.00255420407024 2135.5284005164463 538.8086595650499 -0.2891936162316248 0.07192991577139894 0.0014010743595388553 0.0003539335040892342 15777.232256797426 0.007032565406799891 0.04699116628002757 9.430696589960267e-06 -5.901766929021354e-07 1.7838971034682772e-08 1.3524381789203928 0.16731512026661619 -0.11397866576646376 6.6391460410976855 nan 0 nan 0 1.177287991630319 0.4153558204428688 0.014272339812582547 0.09399455929912497 11.382260157419559
2460230.868964207 16 9 0 -1977.6867837893394 151.16100206723524 3349.5827283193435 519.2474020329325 0.11711283118968882 0.02070442504291049 -0.00011891964570757605 2.503916225413311e-05 16004.566362043963 0.0041192967063585755 0.053269266072678303 9.394366559263764e-06 -5.238311732028959e-07 1.3909896084869323e-08 1.337092069359181 0.07577383331935032 4.713969900421223 2.11214872502046 nan 0 nan 0 0.8433463008534932 0.17352690253818576 -0.07426271751195948 0.04349245034649249 6.345822369131724
2460230.868964207 16 10 0 -2116.5253247142064 116.69698812353103 3622.7793603091495 579.9025082191208 -0.1117081735096446 0.017589636722031458 3.685405080455138e-05 1.9203951078706197e-05 16118.933370600844 0.003708556590991006 0.05087196333676305 6.9374117952451995e-06 -5.610736716572854e-07 1.0970121352828089e-08 1.3319820221973624 0.07106808952203077 0.6244450164722387 2.0951953264047205 7.880944928512986 7.262084178436522 nan 0 0.8096099268322169 0.16667103226051083 -0.08612035439496733 0.04259378097448647 5.1956147063478815
2460230.868964207 16 11 0 -650.9707013173355 1291.970659709132 2510.04132582907 1071.8419114385124 0.03273000421720845 0.019160860225006855 -5.234980007928748e-06 1.1982612039052256e-05 16227.748138802954 0.07055111416984172 0.04827408572562561 1.106694788009894e-05 -6.495539812502137e-07 2.3788212665180717e-08 2.2506417670828838 0.2663002756732174 0.0654683905933029 4.529787072805046 1.9179323303063756 1.3676873935797789 nan 0 0.004353638061544638 0.8699062735618539 0.05167165488362713 0.17084473781212248 4.699766320868838
2460230.868964207 16 12 0 -1827.0303024500515 204.5026926206187 1380.2977906328624 64.6973122463632 0.011093826557808219 0.003945693758182393 8.409425849622355e-06 8.175940488375276e-06 16475.016948563843 0.010857800502958965 0.054798082787976946 1.0068721079356762e-05 -5.473052082087104e-07 2.1530541659091108e-08 2.0643759415802783 0.17248541259110828 -0.05608854378507733 3.8971227858731865 4.773999931622701 0.6547131753260367 nan 0 5.017951151773111 0.5654568046832076 0.6039931870283688 0.044196662170257764 6.41049373398863
2460230.868964207 16 13 0 -1812.3555398354104 333.46319185548657 474.26761823673564 44.448777190806524 0.0008167980820071946 0.0009703347817982312 7.368071452887885e-06 2.103140994838643e-06 16592.673498400516 0.01863352281239858 0.05233438230983932 8.785020933674929e-06 -5.76920480467463e-07 1.9106883097698884e-08 1.9779026472008812 0.17932995798801193 -7.805606276891498 5.792622211659296 11.681802136329138 2.884150493511197 nan 0 12.731259754726 9.735839019189116 2.064440491617675 0.22493193566075967 4.298350597873033
2460230.868964207 16 14 0 -395.6747174489204 193.4302244830552 1027.6791798059064 45.719761643708715 -0.004981931387812148 0.0029208730565343875 5.157567931271883e-05 5.98102447085098e-06 16704.74274762257 0.011767285934830554 0.04969044408859608 8.62197425749345e-06 -7.33453973712946e-07 1.8119792258588335e-08 2.3706573551468377 0.20004791968601762 5.662334927965972 3.8888587995406696 6.687536787136877 0.8341718904081733 nan 0 36.92305905187293 20.539739835629376 0.7933960873564257 0.04929100695146689 5.2395994135417086
2460230.868964207 16 15 0 -1829.0446601360964 508.20209008429975 978.9527565514704 141.78809239968922 0.0055263849637599465 0.00216294494134464 1.7186665257087083e-05 5.303115302207798e-06 16973.72898984973 0.02906555352911573 0.05646302520036833 1.2210757859900165e-05 -5.271759188498556e-07 2.546817732912867e-08 3.942194920305059 0.6811626837897612 6.054105407625807 1.407507088290203 4.904906076075905 1.085751248212907 nan 0 nan 0 0.9942039310464708 0.19188583109557827 4.565350627422191
2460230.868964207 16 16 0 -1512.5763644240396 293.21113857504065 946.4137592757426 171.36537507621088 -5.418800969502758e-05 0.0017443143965479681 7.97625996001979e-06 3.6338406618829195e-06 17094.83104013856 0.01734606742005311 0.053866128062933664 7.827132794185419e-06 -6.290689075445597e-07 1.7182832075156243e-08 2.4596537162637637 0.20597925653126306 6.194013958993794 1.7102942815441087 4.805340191149687 1.1503135708817895 nan 0 nan 0 0.9782200763333131 0.23593574380317645 3.955534103969756

2460370.536457152 17 7 0 -3491.891116977628 210.03094349297285 3578.303714430235 976.7867192203199 0.16532289939971126 0.0449656081567793 0.0002067940937196485 5.891407844161112e-05 15671.37102568987 0.01252787650640893 0.049568364378914716 9.661361732430355e-06 -5.617853169568599e-07 1.770593814531029e-08 1.4014563738814876 0.10476743003907533 4.271450393688755 2.0527834213201905 nan 0 nan 0 0.8644574106736193 0.29312572395007025 -0.07447732660425323 0.07755339909126674 5.522784929371544
2460370.536457152 17 8 0 1481.34856707301 151.5256931981751 2647.2152506463763 456.58447109153224 -0.4200632935908987 0.07093100680287828 0.001582718292559467 0.00027325394423709785 15777.167148933037 0.003643946369502763 0.04698805753419665 5.389407707876364e-06 -5.777763943144973e-07 9.882432662422314e-09 1.250392015426021 0.0909216249061617 0.019130933599895372 3.4610688538124905 nan 0 nan 0 0.9644818749567293 0.22260276882549548 -0.05057867282391242 0.05302080705273452 7.121440170669158
2460370.536457152 17 9 0 -1747.7773070731191 154.74959121725607 3414.5915059780987 468.18160087659487 0.1770139207866392 0.02630183533230071 -0.00012947598988491358 2.595241103126977e-05 16004.392483655014 0.004261180058068961 0.05324203157477798 9.670919198603256e-06 -4.938881506295965e-07 1.488568738455693e-08 1.2572061359511606 0.08409874420058255 -0.018033850843798493 2.3751924259026174 nan 0 nan 0 0.9988397302305859 0.18874014209985923 -0.03847608450284376 0.04343232290620364 6.779018558364561
2460370.536457152 17 10 0 -2013.2622296453442 249.166674210282 8077.487171090176 6082.884915956972 -0.13382081245360616 0.06254322005120763 0.00016593396238971143 0.00015374544411258148 16118.876515770464 0.008051809397914647 0.05086255890859502 1.486553458465081e-05 -5.618126781703086e-07 2.140705294892937e-08 1.3753077399933387 0.12705317932074597 2.6569366131297034 2.7105285040745932 -0.6465395567715027 7.377027648435474 nan 0 0.31115736029638313 0.260979351770432 -0.2279538583636418 0.09301223048040147 10.827808516772565
2460370.536457152 17 11 0 -1310.7503795647888 601.1194509286752 1099.2552828054284 970.0625589159708 0.007972549901619054 0.012025682520515692 5.087009025691337e-06 1.2388918703865579e-05 16227.695703409801 0.034834736917177436 0.04828125941767243 7.340310494057684e-06 -6.474675699828945e-07 1.5034150514476628e-08 0.2805437802821841 0.3604623866262592 8.764394735343005 11.708267474996802 2.3911671057829045 3.029797727808563 nan 0 2.1350205757329865 2.4942933999302683 0.09178260029911049 0.3884901803106089 10.418066668913802
2460370.536457152 17 12 0 -1946.38229498144 221.95217465327877 1283.708490476027 70.28936535440518 0.0288441988775716 0.004508156515879431 2.8547611427914497e-05 9.00343462599785e-06 16474.973586770036 0.012058477783314208 0.054808522650490514 1.1530653531986918e-05 -5.456558716968288e-07 2.4349588725913364e-08 1.783037158988635 0.1682942068656899 9.843577415281137 4.317230506193543 4.431060518214702 0.7335858002044595 nan 0 5.219593091889164 0.6547726354500238 0.6337289681229701 0.0532498111776274 7.4367218575716265
2460370.536457152 17 13 0 -627.7545262461998 430.8698031017071 444.7458768840344 52.61987574799048 0.002603757031885586 0.000985478157371573 5.995001047490016e-06 2.047849526623593e-06 16592.659488567526 0.023880736616358925 0.05234575140738493 1.0167262730059084e-05 -5.465209365402034e-07 2.191700113518517e-08 2.484705727951765 0.27643588735081165 35.40244744570606 10.49601299648974 12.483640139138622 4.073712264849678 nan 0 27.70358852222968 12.894959675452474 2.441572162284494 0.3287829263739485 4.471239385411951
2460370.536457152 17 14 0 324.4565674234326 205.23327184994227 1045.5391757612974 52.74402678761857 -0.01126181439295616 0.003318638872151952 5.820955218463372e-05 6.929678023033297e-06 16704.72152393607 0.012707824736164185 0.049687371812872326 1.042861147731238e-05 -6.948574023728716e-07 2.1502091430123846e-08 2.180787910296499 0.2028175346001628 9.885759719944238 4.305221044194592 7.740955106348844 1.0852749636046242 nan 0 18.825895641914812 25.90097894167611 0.8634675577280161 0.05948706148468221 5.933203984731858
2460370.536457152 17 15 0 -590.143281181277 294.78838989602156 1490.9526873333218 140.51311579746508 -0.015662043978379867 0.003886552437953666 4.054989848593661e-05 9.034244364580549e-06 16973.602042066126 0.016570317715779163 0.05643305153414165 1.3754925572662644e-05 -5.152892370040479e-07 2.7614120007706587e-08 2.984397883980742 0.3796612555245408 19.6174404161754 3.1758009442750437 2.888001119583612 0.610960545348578 nan 0 nan 0 0.663334610455408 0.09375925463105222 5.409244884831635
2460370.536457152 17 16 0 -1094.4646615129336 204.51290992697525 2034.6962071466276 189.36355441946665 0.010683786889407298 0.0046918648710296326 2.0724919421085107e-06 9.05759862385959e-06 17094.703641083932 0.010415240909185077 0.053874564909690115 8.927298358194719e-06 -6.686456746916743e-07 1.9257488937313244e-08 2.3277453426721015 0.19424670268322858 10.382309041721179 1.4665076490729876 2.5187848197606733 0.38559850151733754 nan 0 nan 0 0.33546178927896375 0.06143823460461505 4.666573098568141

2460388.6269674073 18 7 0 -2570.742365199256 157.77590607737625 3229.616367449324 331.53499945790406 0.1526367011805312 0.015907436180633734 0.0002668805368417712 3.0473463806745876e-05 15671.336938619019 0.008300988223773044 0.049541894460708814 7.996131200347257e-06 -5.840904030700301e-07 1.233640905666654e-08 1.3697030477463301 0.07657706392245892 3.84501042797579 1.6403452702511314 nan 0 nan 0 1.5826924083613332 0.2283379124681136 -0.04099584942301914 0.03264796678252893 4.667631905571517
2460388.6269674073 18 8 0 797.0052258220475 95.19621126786798 2715.3695941256906 146.81737205972277 -0.44798372627548233 0.024441829952486723 0.0016076336720868534 8.835757911994847e-05 15777.177714732594 0.002051059687855568 0.04698681440719161 2.9453571893025286e-06 -5.792048065612745e-07 5.51351927954228e-09 1.1295025171998327 0.05899331406476888 -0.1276163861259294 2.6482029115039207 nan 0 nan 0 1.6382488385118552 0.13711090259803285 -0.010298716648604293 0.01888000340906954 4.867697826940962
2460388.6269674073 18 9 0 -2140.159546572024 121.72666049346 3762.0877670326163 227.74062167969103 0.15867606606611254 0.01287581118036591 -0.00014419396618592893 1.9941136635273582e-05 16004.503536652228 0.0027721462444028414 0.05327223749403169 7.3559308468316996e-06 -5.362284976008467e-07 1.0883895423527748e-08 1.2626785474348239 0.061625550841224355 4.862773666965837 1.9522710790375948 nan 0 nan 0 1.4869777015973318 0.13722888170059272 -0.0437991918748659 0.018929000683050465 5.556534421997808
2460388.6269674073 18 10 0 -1765.1219901204547 101.79355413350872 4410.1502463379 383.1492996520322 -0.11285283542330364 0.012823664965548789 7.469482922304814e-05 2.2457317882154412e-05 16118.884984512193 0.002771856313487566 0.05087133422154751 5.7548660575247765e-06 -5.608370229214172e-07 8.389660996682593e-09 1.2397418401590516 0.05918286062722697 6.407247513572151 1.9556209330181291 -0.06492594099520632 6.940868777018539 nan 0 1.119730523999481 0.13573268828724264 -0.0879142703974714 0.023012999618211624 5.009245945582984
2460388.6269674073 18 11 0 -2911.271543254823 936.4348127667098 3203.774593557316 1277.986779792629 0.05446192887589524 0.02819836455963458 3.0718758415731394e-05 2.0025216923370372e-05 16227.559316707073 0.05057046850997925 0.04827052812286483 1.0689803608508275e-05 -6.623301286061629e-07 2.3199968587962222e-08 2.500732314447993 0.29886970833342436 0.8613271017694318 3.6837209052426347 1.9788663613582334 1.2461193337936114 nan 0 2.2863411560514604 1.2160376709940555 0.029636364920956868 0.15079917898027378 4.513792708693744
2460388.6269674073 18 12 0 -2365.791215602127 150.73053803860137 1881.8193488229144 59.065546848885205 0.03545686130810419 0.0054152102183302716 5.4341374459721525e-05 1.1220922663316966e-05 16474.981422122466 0.007645997076698833 0.05479994982961142 8.060479985906345e-06 -5.466114478324995e-07 1.708937651102549e-08 1.5643000733413186 0.11167683292855174 9.835325127313663 2.55010779296922 4.914709985365517 0.47176115552663056 nan 0 4.32043004839479 0.3436913337930191 0.3608669294959457 0.021952643255501496 6.3449154895462945
2460388.6269674073 18 13 0 -1129.4143654701875 258.36827040813625 669.5247038846464 46.96246846639381 0.0016929440716169353 0.001267063212140339 1.0309655193645131e-05 2.6591671896195358e-06 16592.64648230168 0.0143841546317335 0.0523246165298093 8.541406144070108e-06 -5.405682648283103e-07 1.8391298416865916e-08 2.250852060539371 0.19446817575674058 50.851581053648594 8.216323151525025 17.795953486725633 3.303258761055708 nan 0 33.12340124017695 8.531194629145183 1.6848134471983343 0.14189371979217621 3.947477415682438
2460388.6269674073 18 14 0 177.06804683124957 163.22722305118276 1489.8406961232924 53.98824207982425 -0.012615534702191159 0.004541028528820783 6.200928324084161e-05 9.345746845946167e-06 16704.67801448239 0.009818443037288578 0.04969131599789497 8.936465861075118e-06 -7.177830326894949e-07 1.798184241755959e-08 2.0702343140266417 0.16122580269263875 11.128527226354446 3.1559354585721264 8.068924046543767 0.7956705250877572 nan 0 9.314483824362338 18.34331560027217 0.5710632118841892 0.032134330600212896 5.724765138639746
2460388.6269674073 18 15 0 -782.6347436864769 171.0392898407348 2003.4406722577082 108.80131967912446 -0.0022719207502803675 0.00417164597247836 3.8764814940548085e-05 9.294713001543004e-06 16973.727598521673 0.009178717923093941 0.05643999092531571 9.999638303604976e-06 -5.357432557467255e-07 1.9754753809599052e-08 2.2435918279498583 0.16310552596218958 20.998879957423462 1.9926826681287322 2.9914303522609216 0.374058762344908 nan 0 nan 0 0.39533667566150366 0.03946322226754234 4.6778747322507845
2460388.6269674073 18 16 0 -1432.6002593995206 121.0120340596272 2908.998460293854 147.6333720912229 -0.010836725921018319 0.005433692120497223 -2.2710140289553176e-05 1.1552502687180519e-05 17094.786455546724 0.005774999068236025 0.053860903831496415 6.7224120468929736e-06 -6.300101427446963e-07 1.4136780024169588e-08 1.8241725862852334 0.10189355800374494 12.189505533195144 0.965776132152458 2.965361604296416 0.2434477895468906 nan 0 nan 0 0.16519377455527104 0.024857052865667313 4.100245974521751

