BJD RV e_RV BERV rv4 e_rv4 rv7 e_rv7 rv8 e_rv8 rv9 e_rv9 rv10 e_rv10 rv12 e_rv12 rv13 e_rv13 rv14 e_rv14 rv17 e_rv17 rv18 e_rv18 rv19 e_rv19 filename
2460312.5582083766 -1229.4796959284597 310.045577133799 -1.9678781660269198 -2501.8717205758326 330.3620524238844 -1965.7738079952976 373.2454247606065 1370.836154996477 211.18613030594392 -512.8638638796938 255.9001312274237 -1583.882680918222 196.40796744817033 -1314.787274095759 239.2817281547355 -1791.4914484827232 294.69073039244375 -670.7908766664477 384.2956338151639 -1339.7190493731607 207.55417770807202 -1806.7202220949 155.1329184798112 -1407.2118661274972 163.65086844953757 night10A_o8.fits
2460312.5582083766 -1189.657546458819 298.7830254508219 -1.9678781660269198 -2306.5422799223593 302.1190770710148 -1503.4101010233828 335.49319165353086 1323.2196619194988 202.8947797884141 -1224.6157830956222 216.52704630874464 -1223.5584734816355 180.4708154595686 -1409.0204124974437 203.32121399040284 -1525.3082992175955 302.6187509202802 -1120.454472360299 331.161260583981 -1270.5689893548217 195.5218101798476 -1394.0464902214499 inf -1636.3163155545271 146.17279643582526 night10B_o8.fits
2460318.7677982375 -1176.402941223583 244.1100590190105 -4.070270433180432 -2152.847635245554 247.2146863750928 -1733.6320978510103 277.34172373312873 802.8184633758457 147.73402828484896 -1458.6871658485954 166.016276986249 -1797.180922178241 153.50082337206666 -1437.686877360857 168.54300621578486 -1203.5710122568482 278.4479095778258 -285.9761749870708 290.1279691247156 -1062.2332429114053 186.3475813599598 -1295.5433678456614 144.7229334983381 -1315.8923203500135 153.32148327851286 night11A_o8.fits
2460318.7677982375 -1021.3532618817037 287.9096071345318 -4.070270433180432 -1267.5686437358527 270.47804178010455 -2694.5991840499 264.15122368519684 1392.1936147072884 169.88600330567238 -895.6836823514734 190.95277429723023 -1411.4688909179383 152.5599943934911 -1215.1468711383711 193.29126274178986 -1096.6063565921195 245.1319612805231 -863.0725087988858 261.8316486721971 -786.4998056824307 195.03586020117257 -1396.4070439389257 130.967295685022 -1000.0265082001342 161.12270691063614 night11B_o8.fits
2460320.676643619 -1225.6188611802988 271.11249462905 -4.407015944576232 -2028.1637024232868 227.06412877016447 -2201.093336302698 258.20881215731566 1180.077271041509 132.1017841828425 -1864.7543662463565 171.07873766652415 -1486.0381434832761 127.78069474670376 -1217.685268037575 171.30315793579777 -1180.8388178014136 293.47427935130935 -841.54504003128 298.8349365583885 -1079.5913587861405 164.54258483138528 -1438.7828485285147 128.26566739348274 -1323.3918623842544 130.5165340940893 night12A_o8.fits
2460320.676643619 -1189.9800945179718 275.1088565817447 -4.407015944576232 -1827.9069196055968 251.8234226252331 -2324.4053530528718 231.25770482728393 1180.0897673992722 130.4746968105576 -1298.5993670488615 144.00615505425048 -1961.071600640357 128.56162188902752 -1266.505287923574 165.63296307058673 -977.7494461732576 245.8734531742531 -659.8380462510247 277.0446751859994 -1205.7135755284953 159.42084562952337 -1436.8967400039319 117.12964554400743 -1311.1844708689894 134.3721867158224 night12B_o8.fits
2460370.53298493 -1073.6231893463225 322.9417944373738 -14.103287557560956 -1648.2745158384118 276.88218668888464 -2738.8257273077043 379.34772684288276 1481.583290578181 217.11244509000818 -1119.0013214799808 224.8466738947227 -1993.8795068767524 216.52143055762937 -1184.8891692061786 192.4271326779362 -1316.5011895842822 470.21723975250364 -215.77551987378203 332.93631682752533 -768.7987984693294 222.43372638672966 -954.998601549594 187.87393750102677 -1350.4940232017102 223.47799134619132 night13A_o8.fits
2460370.53298493 -1047.514252994555 299.3494125147235 -14.103287557560956 -2377.2771276019907 219.28521451240522 -2260.4070624918363 272.6453296928386 1070.4963274174709 141.5088245742789 -569.6189023780439 169.96682910244309 -1634.9123091102679 133.94613629949163 -1020.6359046417147 148.17289150656126 -1086.4247312170853 253.90592864381694 81.18086125064465 259.14861664014506 -907.2823632194885 194.4212151104397 -1383.3488045893173 147.13956121772154 -1434.4267663584735 158.3963629797727 night13B_o8.fits
2460388.623495185 -1139.5067729552106 243.49290795648434 -15.51355872059896 -1796.999120098506 156.9940883857839 -1960.3732601239967 235.5810463805311 930.8337254509154 125.99690876928219 -1418.9998835793824 162.1277440104508 -1172.2340285292767 126.10237777989269 -1682.7063922135733 138.6881678633566 -1522.8412428459606 205.0707220375186 -431.1974440597265 199.99509052593984 -897.8182029066984 159.69190438928922 -1259.080198066495 140.3281516054756 -1323.1584555346183 146.7160684286511 night14A_o8.fits
2460388.623495185 -1187.8371037255945 269.65577044271134 -15.51355872059896 -2128.47208295722 155.19840049103402 -2282.965853315475 224.4074152686123 924.722321487098 116.06357824775573 -1187.2094754511622 158.34867496914964 -1669.3704679433583 122.87780764041631 -1277.340134954125 133.5326545710931 -1551.8447489824287 207.0789569859231 -194.6478711549856 188.77814507722445 -1042.097955261079 150.40193904824042 -1202.1215455691158 137.887371132799 -1454.8603268796865 149.08726708703134 night14B_o8.fits
2460600.7553277197 -1649.8959700784558 287.34887188194176 14.486472619979034 -2380.7747226332926 333.8845810529144 -2351.198587090782 275.5198897896802 988.7852948483865 158.40109495275323 -1409.6055403844075 186.8949396158613 -2174.2230464936424 149.32148561520168 -1824.388723680763 166.9467422269241 -1812.5212735417356 255.7405503521326 -1332.4366131710208 250.1256279568621 -1481.4512437263347 168.27845246559943 -2212.8022118366403 125.42101533311507 -2158.2390031527775 130.7808190578079 night15A_o8.fits
2460600.7553277197 -1692.5236208104586 305.2219271726433 14.486472619979034 -2756.2082131549055 315.7451054679267 -2582.219140925777 229.00402822057043 676.2383196934632 120.99221601616989 -1290.4322385699677 141.873982483954 -1948.909400654002 119.62340857035039 -2083.606116826216 131.2163128142134 -1622.0942616923742 194.77520926996684 -1325.4825168850675 215.9347360351224 -1726.193956823274 144.86441938710803 -2266.3286822664672 112.61096453946709 3789.141050844625 inf night15B_o8.fits
2460604.817957461 -2946.784982400007 8222.40308517969 13.94848309277447 -6031.304266246514 2497.930171328629 2469.325262082716 683.7992760030083 3324.451821766734 134718.05404777138 28578.103000154308 46675.150118287034 -4075.07062901119 inf 16177.826928473514 56596.77041047741 -3399.7215913251293 3597.064926446957 -2233.2913466235345 2850.0500486579463 -70576.59680461108 15565.070647808769 5556.78466713959 60187.8608693974 -3333.427494810681 965.5998887209383 night16A_o8.fits
2460604.817957461 -3956.7849879890814 3649.1843451474692 13.94848309277447 -1645.2461758718555 9807.962044342437 3300.219244902236 inf -60.761200620154746 331.40220125617606 134.88657355741236 inf -4082.4491036735503 588.7522159716439 14714.766878750552 4338.462602748776 1637.5120421509948 2523.1629828509663 -23222.186928574054 7825.55239994058 -15944.977152704094 22113.970369759132 -8143.235741899106 4416.241035072506 1135.512490539533 815.9654230122732 night16B_o8.fits
2460666.7938651023 -902.0188190554622 303.1956220809549 0.6020164272295976 -1493.0460756213042 346.71874231625173 -1526.448628259486 227.67631168294685 1826.5791836194437 128.98045404464588 -782.1681319524267 143.07092835907494 -1255.3717674144677 112.56276159475387 -1117.511586990579 157.37141589293265 -932.063786372203 281.250035617972 -191.84053486765453 259.5272140189705 -1098.35442592007 191.78663029556816 -1680.0893159072125 115.03355818457175 -1671.891939924126 139.6575143804744 night17A_o8.fits
2460666.7938651023 -1045.9246206440937 259.36770570560526 0.6020164272295976 -1440.9999881499275 344.9018049781251 -1716.7987222466504 223.94982470082965 1235.7953299341953 124.87896070428032 -662.5448650403894 139.78839512384573 -1958.483564629008 114.43322141863194 -1057.372772567776 139.48382268962607 -926.7543772859076 174.88709028336643 -817.9311079123341 241.0752861340543 -1092.5711094081166 172.65891311254993 -1711.6370631859709 106.70820726671265 -1355.872586593147 130.11758827037357 night17B_o8.fits
2460674.738997031 -1047.4520881846802 245.5551102591786 -1.4906901258038627 -1702.2598272665182 372.79376754797937 -1856.374623029712 208.97182445611872 1100.881481930001 103.38938039686091 -836.4856383926762 134.23402467218432 -1259.5221074013004 114.83032550055783 -1225.5373937262448 162.34143512535272 -1421.3474414779098 234.40842711340778 -461.92482231722136 245.1880921687632 -1021.6031913657522 210.70923852779035 -1582.8946950800496 109.69717330459355 -1254.904711904099 144.24042201565916 night18A_o8.fits
2460674.738997031 -1025.069788565459 210.87329107421934 -1.4906901258038627 -1727.2385982922003 417.6095791264318 -1861.0592229904814 188.3925696188887 519.5049016556029 181.2079625612285 -528.0191898090862 113.6237411627463 -1380.4085924331469 95.83217921670584 -1027.5762534750777 124.16754415043778 -1431.1800482091403 197.03849324670563 -300.8178102022267 215.16929368921961 -846.7850854457188 165.11807845565264 -1427.0367559098129 94.76820502518206 -1265.1510191087611 121.59349217925694 night18B_o8.fits
2460696.6421393435 -974.5142871446005 323.4358723531503 -7.074307780526551 -1922.876057872229 223.6337436615236 -2485.422998509378 334.266878606072 1573.101115296766 154.17810477685182 -806.2864956971454 212.4601690792821 -1303.6998659105855 165.15641359514862 -878.1353182769207 225.32991924721475 -910.0975259469848 395.8672213927471 36.002356174430076 316.10496987641443 -931.8419779469347 211.81222035679303 -1616.5191396305927 184.911315735023 -1473.881250271032 182.66893172403704 night1A_o8.fits
2460696.6421393435 -917.9853237622283 329.159150407616 -7.074307780526551 -1072.7091971941509 345.0218949455805 -2665.625541691053 293.0221351223094 1564.4437879943807 153.61552199930455 -827.8748435797527 182.74200268555109 -1239.9030003675114 139.2711312115256 -1308.470889069949 193.75309845710404 -1143.7631709688226 279.6725995487757 416.84271917432136 269.1979324001471 -973.4174972454323 192.50967336570412 -1605.1917683662548 143.4361446826889 -1242.1691600702875 155.281073324184 night1B_o8.fits
2460624.830119106 -1728.0989027893113 313.41116974889553 10.813589485435413 -3222.1964451814824 392.5970997584741 -2361.0761894652833 196.5999551770852 864.234938341664 106.53710964406189 -1239.2482845449856 139.9879693347472 -2041.1516646364091 103.89854446167853 -1808.3926707965236 130.45313359335796 -2083.8820488263573 264.46309521836025 -1098.8614034063526 236.2601648726529 -1538.7063212109638 159.13286772224947 -2353.999192895645 94.52073116662653 -2125.808648060087 109.38626429161678 night2A_o8.fits
2460624.830119106 -1579.1188452914205 259.75725699095494 10.813589485435413 -2242.270047139924 498.06155972218784 -1945.6844702303117 234.23558012477264 709.9211204670605 122.60212528039521 -1379.106409408534 141.09234073260532 -2123.978351695782 120.04755989680379 -1776.7575748706722 130.83421138255588 -1783.7806051916027 241.27633487645636 -1022.7940229686423 258.13962006824903 -1364.240712775316 152.3278712407959 -2295.8188877299767 114.34370641916647 -2145.7973366619253 117.31663213059302 night2B_o8.fits
2460647.8319615815 -1244.8649453616943 297.1542078152846 5.598935975066189 -2153.5435594472838 263.687013439273 -1872.6602248065353 180.5104794319195 1425.0353918972514 99.43830766275144 -1092.3646993524153 117.50004498952885 -1661.4570509882913 91.03687532577848 -1496.5251792466397 122.45599600782785 -1215.943228982579 172.17821205375105 -700.412811045498 200.94559306758833 -1169.9187950905402 139.966929874373 -1893.457951211172 96.47816474154804 -1862.2662907049346 108.32660625197036 night3A_o8.fits
2460647.8319615815 -1259.866228832096 282.6823243313997 5.598935975066189 -2043.2256458270883 377.6022471229536 -2165.092375918233 192.58048213435745 1189.5864827055548 173.80792581687754 -953.1507354636979 130.61830348079286 -1529.4921229820286 101.27364846364983 -1543.3829176794845 132.3563181041548 -1534.2902006615411 180.62381329357532 -573.1625883019173 207.00480366835262 -1156.7574892942407 149.66040908406313 -1880.109212753504 109.42847601255232 -1669.451710976877 114.89726672514938 night3B_o8.fits
2460339.6525880336 -810.3388189994254 293.65324506070516 -9.050713326451199 -1862.4480876198402 538.6596530217793 -221.25159318718897 448.0059824127346 1268.0006277174339 302.2210173495011 -1156.906779117656 323.0019697949936 -1297.8375963624555 313.26936958795466 -956.4317256477116 358.55196806729015 -782.6780813933259 555.9274845913359 542.5805914561503 606.0195172593876 -1201.8853762199055 317.0172191037094 -1743.9283547329974 298.3111142013416 -1500.940633886181 296.194967395912 night4A_o8.fits
2460339.6525880336 -962.4996051984992 248.58860938958313 -9.050713326451199 -1238.339070737584 260.3986167109242 -2460.13919924715 445.3947762362777 772.8697815966307 234.01442935698745 -822.5556280138104 211.07004363345274 -1592.886081673909 234.03734838190908 -1055.6467236231033 312.3455728604218 -1090.8161513586704 488.76528924128365 -248.3148124978523 429.71409393409607 -469.73973547268747 342.35814894561634 -1480.52992988895 273.20005579279535 -901.3981062664064 309.4646216459927 night4B_o8.fits
2460328.5467368485 -1117.0991051114909 281.6638747493644 -6.1802047224309895 -1649.0417120020309 194.33898213899818 -2645.146874356875 255.60556682377677 1193.6049272825535 143.91906350599922 -1037.9843819978944 175.2436981703771 -1518.699294860626 143.81332644228974 -1469.8125906269083 180.08556914844868 -912.7797304911693 272.8366864274807 -514.5182839666454 301.3619938146623 -1133.0586611504782 182.0846435517826 -1352.0713194713283 138.5815903704398 -1248.5822345849977 141.62482857207058 night5A_o8.fits
2460328.5467368485 -1053.850895682249 232.61423544047614 -6.1802047224309895 -1474.5024327751657 241.39460425039496 -1998.2285166208035 228.6572640231343 747.529724985999 136.8366008123129 -950.1756365882669 142.32929605443076 -1624.6834905113276 124.64265401491134 -1477.4131365442722 157.8200285930625 -908.0950863225149 260.10714414485295 -149.31574695983363 240.32991881172055 -966.839933289269 138.2201933729308 -1540.3366903625954 130.77945108513646 -1250.2989075166897 141.90671752586627 night5B_o8.fits
2460230.8654919844 -1522.9467378681047 356.9914947259672 14.688739635697976 -4053.4647487860457 808.6559217964573 -1577.9872188511179 382.8850820587506 868.5476969160733 217.75318106116848 -671.3583304766902 263.73446652966334 -1848.493989134993 205.79630342863834 -1531.1870290764523 267.2892590487404 -2072.9124920951895 340.52859430387 -823.0203953695384 356.14577306388816 -1320.8846938298987 259.7661019929633 -1869.7731712569623 152.5596343871319 -1851.8797445883379 180.83240979307075 night6A_o8.fits
2460230.8654919844 -1311.153594625535 284.84058393567426 14.688739635697976 -2337.099335859534 456.6897632486593 -2170.1535218080953 225.9727870048632 1036.1613701233587 146.634768188559 -780.8306374539592 167.1195341998783 -1760.850231997893 119.20402582044308 -1393.6218584845706 141.44017820949944 -1293.4524452884111 198.9844927917433 -551.6872261814875 221.16895634707177 -1552.5717139585106 177.37852906714684 -1774.0434188974623 105.39949384473915 -1844.5405210743197 121.21637334762903 night6B_o8.fits
2460280.809733499 -1662.065427013796 284.96754469901174 6.089678958458921 -2947.344100788925 480.00107062220815 -2445.263797493841 185.53048539594485 597.4865311599684 108.7858569445815 -1428.8996478201666 125.60769571671285 -1864.8305753189247 104.78412431981978 -1797.0303388360596 130.2393112480278 -1863.4154819394503 195.19586294236353 -860.8438488738924 213.10670952364347 -1263.7213412691644 223.40888177017484 -2300.8968436174187 104.84760100756705 -2107.9602523538833 123.83874946527773 night7A_o8.fits
2460280.809733499 -1650.3788728111574 322.9133127960946 6.089678958458921 -2986.3744960565177 561.6880826160495 -2686.054721836971 176.0378210263854 1042.8382555576534 102.28920670891918 -1233.2280265161776 117.67855533814213 -2063.773258959358 90.75032865078198 -1960.3250969771811 111.28340206074262 -1523.0909124081286 203.2409069728698 -1046.3478790837983 209.62476322436888 -1415.3767039746006 206.7590646392533 -2141.759737217241 102.27051931514039 -2140.6750234504098 124.1583751687805 night7B_o8.fits
2460285.8032772676 -1716.237011108995 390.55864776759125 4.825408013404568 -3443.470029706436 544.682917244303 -2492.4380143273474 177.42454341633092 1290.7927435100014 111.93526651140921 -1431.7660798395978 134.31638096889682 -2188.144940329874 99.21187120569427 -1926.2192962764818 135.13338563004098 -2040.6027384156084 218.6492944411636 -1138.5815297553763 240.28569917989046 -1543.1422529879228 255.2491804404728 nan nan -2248.7979729613053 146.8230369601833 night8A_o8.fits
2460285.8032772676 -1553.8697945677288 295.9385403258663 4.825408013404568 -2324.64411269675 664.3555590933576 -2322.670263081384 185.3987606823496 1142.678721460585 99.92158508578238 -1164.1041367252062 112.22683469339414 -2227.6413306313393 90.58885211356382 -1741.6976437957792 119.58177636804133 -1703.327514031315 220.06823913628523 -1192.1808726163804 201.97689950843446 -1578.0281807316785 228.81450737557407 -1967.2170787503119 108.6237757228666 -2013.7353286454572 130.34504247239215 night8B_o8.fits
2460300.7878599875 -1171.8106415968061 290.93843590490366 0.8061811476041318 -1933.6549088546979 448.71282044172085 -2554.705629079673 240.53155902899707 1113.2952125139366 129.6268705800237 -390.2086702581712 162.70120677302296 -1620.1068957825507 136.62270203274522 -1524.9985232365013 162.267356391566 -1002.4293798567368 217.09653548856517 -862.4395547736882 305.3736727140856 -865.4292098131544 223.24656365159117 -1750.1187401074183 130.62832754681307 -1499.1207583162138 149.1247282646574 night9A_o8.fits
2460300.7878599875 -1271.9268233747737 305.4540638302268 0.8061811476041318 -2440.219004462011 712.1311365406519 -2288.5267486511084 226.34143728391595 1386.752003293874 163.76427651774128 -1039.0297739511195 170.6036910694073 -1537.461469986482 136.5981458912415 -1532.0508354146293 174.3741713770078 -1456.6743040045942 237.60641608775288 -791.1593292007424 324.9805412288444 -1012.5157697055629 231.82306543938142 -1648.0315677387455 128.96582011645933 -1632.2782573013887 173.42473903025206 night9B_o8.fits
